public/json/wind_6000m.json
{"header": { "discipline":0, "disciplineName":"Meteorological products", "gribEdition":2, "gribLength":85411, "center":7, "centerName":"US National Weather Service - NCEP(WMC)", "subcenter":0, "refTime":"2020-05-10T12:00:00.000Z", "significanceOfRT":1, "significanceOfRTName":"Start of forecast", "productStatus":0, "productStatusName":"Operational products", "productType":1, "productTypeName":"Forecast products", "productDefinitionTemplate":0, "productDefinitionTemplateName":"Analysis/forecast at horizontal level/layer at a point in time", "parameterCategory":2, "parameterCategoryName":"Momentum", "parameterNumber":2, "parameterNumberName":"U-component_of_wind", "parameterUnit":"m.s-1", "genProcessType":2, "genProcessTypeName":"Forecast", "forecastTime":0, "surface1Type":102, "surface1TypeName":"Specific altitude above mean sea level", "surface1Value":3658.0, "surface2Type":255, "surface2TypeName":"Missing", "surface2Value":0.0, "gridDefinitionTemplate":0, "gridDefinitionTemplateName":"Latitude_Longitude", "numberPoints":65160, "shape":6, "shapeName":"Earth spherical with radius of 6,371,229.0 m", "gridUnits":"degrees", "resolution":48, "winds":"true", "scanMode":0, "nx":360, "ny":181, "basicAngle":0, "lo1":0.0, "la1":90.0, "lo2":359.0, "la2":-90.0, "dx":1.0, "dy":1.0 }, "data":
[rows 0 to 25 of 181, columns 290 to 347 of 360]
2.8881738,2.808174,2.7181737,2.6381738,2.558174,2.4681737,2.3881738,2.298174,2.2081738,2.1181738,2.038174,1.9481739,1.8581738,1.7681738,1.6781738,1.5781739,1.4881738,1.3981738,1.3081738,1.2181739,1.1181738,1.0281738,0.92817384,0.8381738,0.74817383,0.6481738,0.55817384,0.45817384,0.35817382,0.2681738,0.16817383,0.07817383,-0.021826172,-0.111826174,-0.21182618,-0.30182618,-0.40182617,-0.49182618,-0.5918262,-0.6818262,-0.7818262,-0.8718262,-0.9718262,-1.0618262,-1.1618261,-1.2518262,-1.3418262,-1.4318261,-1.5318261,-1.6218262,-1.7118262,-1.8018261,-1.8918262,-1.9818262,-2.0718262,-2.1618261,-2.241826,-2.3318262
0.5281738,0.47817382,0.41817382,0.35817382,0.28817382,0.22817382,0.17817383,0.12817383,0.068173826,0.008173828,-0.05182617,-0.12182617,-0.19182616,-0.27182618,-0.34182617,-0.41182616,-0.50182617,-0.56182617,-0.63182616,-0.70182616,-0.7818262,-0.8518262,-0.9318262,-1.0118262,-1.1018262,-1.1818261,-1.2518262,-1.3118262,-1.3818262,-1.4418262,-1.5118262,-1.5818262,-1.6518261,-1.7218262,-1.7818261,-1.8318262,-1.8918262,-1.9418262,-1.9918262,-2.0418262,-2.0918262,-2.1518261,-2.201826,-2.2618263,-2.3218262,-2.3818262,-2.441826,-2.5018263,-2.5618262,-2.6318262,-2.691826,-2.7618263,-2.8418262,-2.9118261,-2.991826,-3.0618262,-3.1418262,-3.211826
-2.2818263,-2.3118262,-2.3518262,-2.3818262,-2.4118261,-2.441826,-2.461826,-2.481826,-2.5018263,-2.5218263,-2.5418262,-2.5518262,-2.5518262,-2.5618262,-2.5718262,-2.5718262,-2.5718262,-2.5718262,-2.5718262,-2.5718262,-2.5718262,-2.5718262,-2.5618262,-2.5518262,-2.5418262,-2.5218263,-2.5118263,-2.481826,-2.461826,-2.431826,-2.4018261,-2.3818262,-2.3718262,-2.3718262,-2.3618262,-2.3718262,-2.4018261,-2.441826,-2.491826,-2.5418262,-2.6218262,-2.711826,-2.7918262,-2.8818262,-2.981826,-3.0918262,-3.191826,-3.2818263,-3.3618262,-3.441826,-3.5118263,-3.5818262,-3.6318262,-3.681826,-3.731826,-3.8118262,-3.9118261,-4.0018263
-4.371826,-4.3818264,-4.391826,-4.391826,-4.4018264,-4.4218264,-4.411826,-4.4018264,-4.4018264,-4.3818264,-4.341826,-4.311826,-4.2718263,-4.2518263,-4.241826,-4.2318263,-4.2318263,-4.2318263,-4.221826,-4.2318263,-4.241826,-4.241826,-4.2518263,-4.261826,-4.261826,-4.261826,-4.261826,-4.2518263,-4.241826,-4.221826,-4.221826,-4.2318263,-4.241826,-4.261826,-4.2518263,-4.241826,-4.2318263,-4.221826,-4.2118263,-4.2118263,-4.2318263,-4.241826,-4.241826,-4.2518263,-4.261826,-4.2718263,-4.2918262,-4.311826,-4.331826,-4.351826,-4.3818264,-4.4018264,-4.4218264,-4.4418263,-4.471826,-4.491826,-4.5218263,-4.5218263
-4.9618263,-4.971826,-4.971826,-4.9618263,-4.951826,-4.951826,-4.951826,-4.931826,-4.891826,-4.861826,-4.821826,-4.7718263,-4.7318263,-4.6918263,-4.661826,-4.641826,-4.601826,-4.561826,-4.531826,-4.5018263,-4.471826,-4.4418263,-4.4218264,-4.391826,-4.361826,-4.331826,-4.2918262,-4.2718263,-4.241826,-4.2118263,-4.161826,-4.101826,-4.0418262,-3.991826,-3.941826,-3.9218261,-3.9218261,-3.941826,-3.961826,-4.0018263,-4.031826,-4.061826,-4.071826,-4.091826,-4.121826,-4.121826,-4.121826,-4.111826,-4.101826,-4.091826,-4.101826,-4.121826,-4.141826,-4.1518264,-4.1318264,-4.101826,-4.051826,-3.991826
-3.941826,-3.731826,-3.5618262,-3.4218261,-3.3318262,-3.2718263,-3.241826,-3.221826,-3.221826,-3.211826,-3.201826,-3.191826,-3.181826,-3.1718261,-3.1718261,-3.1618261,-3.191826,-3.201826,-3.201826,-3.231826,-3.3018262,-3.3818262,-3.481826,-3.5718262,-3.6618261,-3.731826,-3.7618263,-3.8118262,-3.8618262,-3.941826,-4.011826,-4.071826,-4.121826,-4.1518264,-4.1718264,-4.181826,-4.2118263,-4.2518263,-4.2918262,-4.331826,-4.361826,-4.371826,-4.3818264,-4.391826,-4.431826,-4.4618263,-4.4618263,-4.371826,-4.2518263,-4.111826,-3.991826,-3.941826,-3.931826,-3.981826,-4.011826,-4.031826,-4.061826,-4.091826
-3.191826,-3.2618263,-3.3718262,-3.451826,-3.5018263,-3.5218263,-3.5218263,-3.5018263,-3.441826,-3.3518262,-3.2618263,-3.231826,-3.241826,-3.3018262,-3.3718262,-3.441826,-3.481826,-3.491826,-3.491826,-3.5018263,-3.5218263,-3.5718262,-3.6618261,-3.741826,-3.8418262,-3.941826,-4.0418262,-4.101826,-4.081826,-4.031826,-3.981826,-3.981826,-4.031826,-4.141826,-4.2518263,-4.321826,-4.361826,-4.3818264,-4.3818264,-4.371826,-4.391826,-4.4818263,-4.611826,-4.721826,-4.871826,-4.971826,-5.011826,-4.9418263,-4.801826,-4.6518264,-4.5218263,-4.4018264,-4.221826,-4.031826,-3.8818262,-3.8618262,-3.931826,-4.011826
-5.411826,-5.4218264,-5.531826,-5.431826,-5.411826,-5.331826,-5.301826,-5.411826,-5.6318264,-5.821826,-5.991826,-6.141826,-6.2318263,-6.281826,-6.341826,-6.4418263,-6.4818263,-6.511826,-6.5218263,-6.531826,-6.5018263,-6.451826,-6.391826,-6.341826,-6.301826,-6.161826,-6.161826,-6.221826,-6.031826,-6.031826,-6.011826,-5.911826,-5.7718263,-5.8818264,-5.661826,-5.741826,-5.6918263,-5.5018263,-5.351826,-4.831826,-5.1718264,-4.971826,-4.9618263,-4.991826,-4.9418263,-4.9818263,-5.0418262,-5.0018263,-5.0418262,-4.991826,-4.971826,-4.831826,-4.7918262,-4.781826,-4.781826,-4.581826,-4.4018264,-4.341826
-6.061826,-5.991826,-6.091826,-6.281826,-6.6518264,-6.821826,-6.9818263,-7.081826,-7.0218263,-7.0018263,-7.121826,-7.321826,-7.601826,-7.891826,-8.141827,-8.331826,-8.131826,-8.251826,-8.131826,-8.061826,-8.201826,-8.131826,-8.001826,-8.111826,-8.121826,-8.281826,-8.391827,-8.3018265,-8.151826,-8.0518265,-7.971826,-7.861826,-7.801826,-7.7318263,-7.661826,-7.4618263,-7.261826,-7.121826,-6.9218264,-6.741826,-6.5218263,-6.261826,-6.101826,-5.9818263,-5.841826,-5.6318264,-5.491826,-5.391826,-5.331826,-5.371826,-5.4618263,-5.531826,-5.511826,-5.371826,-5.3818264,-5.491826,-5.571826,-5.531826
-6.721826,-6.6318264,-6.6518264,-6.781826,-6.601826,-6.661826,-6.701826,-6.951826,-6.861826,-6.741826,-7.4018264,-7.821826,-7.851826,-7.701826,-7.611826,-7.761826,-7.8818264,-7.931826,-8.0518265,-8.3018265,-8.581826,-8.811826,-8.901826,-8.911826,-8.8018265,-8.8018265,-9.101826,-9.411826,-9.201826,-8.721827,-8.531826,-8.421826,-8.351826,-8.2618265,-8.181827,-8.0118265,-7.911826,-7.871826,-7.9018264,-7.851826,-7.571826,-7.321826,-7.031826,-6.9018264,-6.701826,-6.411826,-6.161826,-6.0418262,-6.0018263,-5.871826,-5.8818264,-5.821826,-5.7518263,-5.6718264,-5.551826,-5.801826,-5.891826,-5.9218264
-5.2318263,-5.261826,-5.311826,-5.351826,-5.511826,-5.3818264,-5.351826,-5.391826,-5.5218263,-5.851826,-5.821826,-5.871826,-6.411826,-6.891826,-7.2118263,-7.431826,-7.681826,-7.831826,-8.001826,-8.101826,-8.151826,-8.161826,-8.091826,-8.071826,-8.131826,-8.201826,-8.291826,-8.401826,-8.561826,-8.8018265,-8.991826,-9.0518265,-9.081826,-9.001826,-8.811826,-8.561826,-8.321826,-8.151826,-8.061826,-7.9818263,-7.871826,-7.841826,-7.801826,-7.661826,-7.341826,-7.0018263,-6.621826,-6.311826,-6.061826,-5.871826,-5.741826,-5.701826,-5.831826,-5.561826,-5.761826,-5.8818264,-5.801826,-5.601826
-3.8618262,-3.8218262,-3.8618262,-3.941826,-4.0418262,-4.111826,-4.351826,-4.681826,-4.7118263,-4.7118263,-4.681826,-4.7718263,-4.861826,-4.9218264,-5.011826,-5.1518264,-5.4018264,-5.681826,-5.891826,-6.0018263,-6.051826,-6.1318264,-6.2518263,-6.311826,-6.201826,-6.061826,-5.9218264,-5.8818264,-5.971826,-6.061826,-6.051826,-6.081826,-6.1918263,-6.2918262,-6.361826,-6.4218264,-6.511826,-6.511826,-6.4418263,-6.321826,-6.141826,-5.9618263,-5.7318263,-5.6718264,-5.6718264,-5.6318264,-5.5018263,-5.4618263,-5.221826,-5.5418262,-5.801826,-5.7518263,-5.4418263,-5.121826,-4.801826,-4.5218263,-4.2518263,-4.031826
-2.3218262,-2.1718261,-2.3218262,-2.431826,-2.6018262,-2.7918262,-2.8818262,-2.981826,-3.1418262,-3.3218262,-3.491826,-3.6218262,-3.8518262,-3.981826,-4.241826,-4.891826,-5.391826,-5.491826,-5.301826,-5.161826,-5.081826,-4.9018264,-4.931826,-5.621826,-6.571826,-7.261826,-7.7318263,-7.9618263,-8.021826,-7.821826,-7.641826,-7.5218263,-7.4818263,-7.451826,-7.161826,-6.761826,-6.161826,-5.361826,-4.7118263,-4.101826,-3.8418262,-3.5818262,-3.3818262,-3.181826,-2.991826,-2.7718263,-2.711826,-2.8618262,-2.951826,-2.9018261,-2.7718263,-2.721826,-2.9018261,-3.201826,-3.3418262,-3.491826,-3.4218261,-2.9018261
-0.81182617,-0.8618262,-0.82182616,-1.1318262,-1.0318261,-1.0418261,-1.1518261,-1.1418262,-1.2618262,-1.5218261,-1.8618262,-2.1718261,-2.681826,-3.1418262,-3.6418262,-4.2318263,-4.6718264,-4.841826,-4.7918262,-4.7118263,-4.911826,-5.301826,-5.451826,-5.2118263,-4.851826,-4.3818264,-4.1718264,-4.071826,-3.931826,-3.6618261,-3.5218263,-3.5018263,-3.221826,-3.0318263,-2.8918262,-2.5218263,-2.0318263,-1.3518262,-0.50182617,-0.16182618,-0.05182617,-0.5518262,-0.8718262,-0.52182615,0.17817383,0.72817385,1.5381738,1.9281738,2.048174,1.9581739,1.5381738,1.4281738,1.0581738,0.80817384,0.46817383,0.20817383,0.09817383,-0.031826172
1.6181738,1.1381738,0.8181738,0.7681738,0.7681738,0.60817385,0.61817384,0.6581738,0.54817384,0.32817382,-0.0018261719,-0.4818262,-0.9918262,-1.2718261,-1.5718262,-1.3618262,-1.2418262,-1.0718262,-0.8618262,-0.77182615,-0.51182616,-0.10182617,0.47817382,1.0581738,1.6481738,2.268174,2.778174,3.038174,3.3681738,3.7181737,3.9881737,4.428174,4.898174,5.128174,5.128174,4.9581738,4.388174,4.388174,5.2081738,5.898174,6.668174,7.048174,7.2881737,7.188174,5.508174,2.8981738,1.6281738,1.4281738,1.9981738,2.308174,3.8281739,5.438174,6.0181737,6.188174,6.028174,5.3681736,4.638174,3.9381738
3.6381738,3.298174,3.1381738,2.9081738,2.778174,2.7281737,2.7081738,2.7281737,2.568174,2.7281737,2.7081738,2.558174,2.4581738,2.3681738,2.4081738,2.4881737,2.788174,2.9481738,3.298174,3.6181738,4.0781736,4.7281737,5.688174,6.5581737,7.428174,8.258174,9.028173,9.798174,10.608173,11.348174,11.6981735,11.9481735,12.208174,12.338174,12.548174,12.648174,12.078174,11.958174,11.858173,11.348174,11.278173,10.628174,9.268174,7.4781737,7.238174,7.528174,8.038174,8.7381735,9.118174,8.618174,8.118174,7.588174,7.858174,7.388174,7.6181736,8.668174,9.2381735,9.188174
5.698174,5.028174,4.7081738,4.698174,4.468174,4.3081737,4.378174,4.5581737,4.8681736,5.2481737,5.2881737,5.418174,5.6181736,5.908174,6.068174,6.4581738,7.178174,7.9781737,9.138174,10.268174,11.7381735,13.288174,14.7381735,16.088173,17.078175,18.328175,18.718174,18.508173,18.558174,18.708174,18.658175,18.268173,17.658175,16.908175,16.298174,15.828174,15.548174,15.438174,15.068173,14.588174,13.398174,11.928174,12.918174,11.688174,12.088174,12.688174,12.818173,12.808174,12.068173,11.4481735,9.848174,9.668174,9.338174,9.4881735,10.078174,10.648174,10.498174,10.338174
5.798174,5.388174,5.2081738,5.3081737,5.508174,5.7881737,6.0581737,6.158174,6.128174,6.168174,6.3681736,6.678174,7.068174,7.4781737,8.058174,8.608173,9.478174,10.358173,11.548174,12.888174,14.218174,16.078175,17.688173,19.078175,20.138174,20.258173,20.288174,20.738174,21.028173,21.238174,21.398174,21.488174,21.348173,20.928173,20.318174,19.418175,18.048174,16.828175,15.548174,14.518174,12.808174,9.868174,8.868174,8.028173,10.858173,12.618174,12.918174,12.428174,12.128174,12.428174,11.918174,11.258174,10.898174,9.608173,9.328174,9.558174,9.338174,9.068173
4.178174,4.4781737,4.698174,4.9981737,5.3281736,5.688174,5.928174,6.048174,6.2081738,6.188174,6.3281736,6.7081738,7.508174,8.138174,8.958174,11.058174,12.548174,15.208174,17.708174,19.178173,19.528173,19.688173,19.858173,20.288174,20.758173,21.248175,20.988174,20.968174,21.518173,22.198174,22.858173,23.538174,24.268173,25.008173,25.198174,24.528173,23.688173,22.338173,21.588173,21.228174,16.398174,10.978174,11.778173,11.438174,9.518174,9.628174,9.888174,9.928174,10.528173,10.9481735,11.098174,10.728174,10.288174,10.308174,9.4481735,8.608173,8.038174,7.8481736
2.1581738,2.5881739,2.9081738,3.1281738,3.4081738,3.798174,4.198174,4.9981737,6.9781737,9.828174,12.4881735,14.598174,16.198174,16.878174,17.078175,17.158175,16.698174,16.648174,17.408175,17.878174,18.128174,18.138174,18.658175,18.888174,19.188173,19.838173,20.558174,21.008173,20.558174,20.718174,21.098173,21.608173,22.318174,23.728174,24.948174,25.658175,25.878174,25.518173,24.818174,23.398174,19.498175,14.548174,15.418174,16.458174,16.138174,14.4481735,14.188174,14.118174,14.058174,14.378174,13.638174,12.778173,11.858173,10.828174,8.878174,8.7381735,8.458174,8.258174
-0.42182618,-0.23182617,2.4581738,5.2881737,8.638174,11.348174,12.818173,13.648174,13.808174,14.078174,14.248174,14.358173,14.608173,14.718174,14.588174,14.658174,15.138174,15.848174,15.278173,14.998174,14.968174,15.558174,16.128174,16.318174,16.468174,16.728174,17.278173,17.898174,18.838173,19.538174,19.438173,19.418175,20.448174,22.308174,24.478174,25.498175,23.428173,21.928173,21.278173,18.238174,13.108173,13.4481735,15.528173,15.318173,16.398174,16.158175,15.798174,15.678174,15.128174,14.9881735,14.658174,14.208174,13.748174,13.348174,12.468174,11.388174,10.058174,9.188174
5.508174,8.368174,9.4481735,9.598174,9.768174,10.358173,10.518174,10.028173,9.718174,9.428174,10.038174,10.158174,10.288174,10.658174,11.128174,11.278173,11.528173,11.628174,11.628174,12.168174,12.428174,12.968174,13.338174,13.468174,13.478174,13.798174,14.168174,14.4881735,14.888174,15.518174,16.258173,17.438173,19.368174,21.688173,23.248175,21.448174,17.618174,15.378174,15.608173,12.098174,12.108173,14.168174,16.118174,14.888174,13.808174,14.248174,14.048174,14.048174,14.4881735,15.558174,15.918174,16.258173,16.428173,15.438174,14.218174,13.278173,12.308174,11.518174
5.878174,6.048174,5.8681736,6.338174,6.2081738,5.698174,5.178174,6.188174,7.028174,7.4981737,7.628174,7.2081738,7.188174,7.218174,7.408174,8.148174,9.158174,9.708174,9.658174,9.708174,9.228174,9.138174,9.258174,9.128174,9.228174,9.128174,9.528173,10.108173,10.918174,11.668174,12.518174,13.478174,14.868174,17.018173,21.458174,15.518174,10.848174,12.278173,14.478174,15.378174,16.348173,17.358173,17.948174,17.808174,17.378174,16.708174,16.208174,16.218174,16.748175,16.148174,16.728174,17.418175,17.128174,16.568174,15.588174,13.648174,12.898174,11.848174
2.3281739,1.7081739,1.2981738,1.1581738,2.778174,3.8881738,3.508174,2.6281738,2.548174,1.7681738,1.3581738,1.3281739,1.3481739,1.5881739,2.528174,2.9281738,3.058174,3.3881738,3.9581738,4.388174,5.0581737,6.088174,7.168174,7.2281737,7.2881737,6.888174,6.838174,7.318174,8.308174,9.318173,9.918174,10.498174,11.548174,12.858173,13.1981735,11.038174,11.088174,11.4881735,11.938174,11.9481735,12.398174,12.418174,12.828174,13.788174,14.958174,16.088173,17.268173,17.748175,17.878174,17.758173,17.318174,18.058174,17.448174,16.448174,15.458174,13.828174,12.108173,10.9881735
-2.8118262,-1.6918262,-1.2118262,-1.2218262,-1.4418262,-3.3018262,-3.1218262,-3.8718262,-4.5418262,-5.2918262,-5.091826,-4.491826,-2.3918262,-0.90182614,-0.45182618,0.34817383,0.93817383,2.288174,3.6581738,4.588174,4.188174,4.188174,4.5981736,5.1181736,5.178174,5.138174,5.128174,6.0381737,7.4781737,8.808174,9.578174,10.4881735,12.218174,14.088174,14.4881735,15.368174,15.398174,15.398174,15.678174,15.578174,15.2381735,14.858173,14.408174,13.888174,14.348174,14.638174,15.338174,14.338174,14.498174,17.718174,16.928173,16.488174,15.888174,14.378174,13.748174,12.788174,11.458174,10.2381735
-6.611826,-9.531826,-6.911826,-6.451826,-9.751826,-13.071826,-10.791826,-12.641827,-11.231826,-11.481826,-12.251826,-12.5118265,-12.0118265,-10.891827,-9.581826,-8.791826,-7.061826,-4.821826,-2.6018262,-1.2318262,0.72817385,1.6181738,1.7081739,2.3281739,4.0381737,6.048174,4.688174,2.8781738,7.138174,7.2281737,7.388174,7.948174,8.608173,9.558174,10.398174,11.168174,12.098174,12.2381735,12.848174,12.878174,13.098174,13.128174,13.108173,13.188174,13.188174,13.108173,13.758174,14.078174,14.298174,15.148174,14.288174,13.188174,11.288174,12.318173,11.9481735,11.148174,9.328174,9.548174
