public/json/wind_100m.json
{"header": { "discipline":0, "disciplineName":"Meteorological products", "gribEdition":2, "gribLength":79672, "center":7, "centerName":"US National Weather Service - NCEP(WMC)", "subcenter":0, "refTime":"2020-01-19T00:00:00.000Z", "significanceOfRT":1, "significanceOfRTName":"Start of forecast", "productStatus":0, "productStatusName":"Operational products", "productType":1, "productTypeName":"Forecast products", "productDefinitionTemplate":0, "productDefinitionTemplateName":"Analysis/forecast at horizontal level/layer at a point in time", "parameterCategory":2, "parameterCategoryName":"Momentum", "parameterNumber":2, "parameterNumberName":"U-component_of_wind", "parameterUnit":"m.s-1", "genProcessType":2, "genProcessTypeName":"Forecast", "forecastTime":0, "surface1Type":103, "surface1TypeName":"Specified height level above ground", "surface1Value":100.0, "surface2Type":255, "surface2TypeName":"Missing", "surface2Value":0.0, "gridDefinitionTemplate":0, "gridDefinitionTemplateName":"Latitude_Longitude", "numberPoints":65160, "shape":6, "shapeName":"Earth spherical with radius of 6,371,229.0 m", "gridUnits":"degrees", "resolution":48, "winds":"true", "scanMode":0, "nx":360, "ny":181, "basicAngle":0, "lo1":0.0, "la1":90.0, "lo2":359.0, "la2":-90.0, "dx":1.0, "dy":1.0 }, "data":
[rows 75 to 99 of 181, columns 58 to 115 of 360]
-5.6159763,-5.5259767,-5.7259765,-5.7259765,-5.4359765,-5.5059767,-5.7259765,-5.6459765,-4.9359765,-4.3359766,-3.6559765,-2.8459766,-0.45597658,1.6040235,2.1640234,1.3640234,0.37402344,-5.8559766,-4.1659765,-3.8559766,-4.7159767,-1.2259766,-1.5659766,-4.8059764,-5.3959765,-5.2859764,-4.8459764,-5.655977,-5.7959766,-4.6459765,-4.2859764,-4.1859765,-3.5459766,-2.5759766,-1.3659766,-1.2259766,0.054023437,-0.94597656,-0.65597653,-0.115976565,-1.3559766,0.5140234,-0.71597654,-1.7259766,-4.0859766,-5.9559765,-4.4259768,-5.1259766,-1.0559765,-1.0659766,-2.3459766,-0.9759766,-6.3059764,-6.2259765,-6.3959765,-6.0959764,-6.0859766,-6.2559767
-5.8159766,-6.0559764,-6.2759767,-5.9159765,-6.1959767,-5.9159765,-5.6459765,-5.0659766,-4.7159767,-4.5059767,-3.1659765,-1.9559766,-0.6659766,1.1240234,1.9840235,1.1340234,3.5540235,-3.0759766,-4.1159763,-5.0859766,-3.7459764,-0.95597655,1.0640235,-4.7059765,-5.0259767,-5.0859766,-5.8559766,-5.9459767,-5.155977,-4.5659766,-4.8959765,-5.2859764,-3.4759765,-2.9959764,-2.1259766,-0.93597656,-1.4459766,-1.5359765,-0.14597656,-0.015976563,-1.8559766,-0.06597656,0.92402345,-4.5159764,-0.82597655,-5.3559766,-5.9359765,-5.8159766,-4.4959764,-3.1759765,-4.5859766,0.20402344,-5.6759768,-5.7059765,-6.1159763,-5.9759765,-5.7259765,-5.7059765
-6.9259768,-6.7859764,-6.2759767,-6.2259765,-6.5759764,-5.9659767,-5.4359765,-4.3259764,-3.7159765,-2.9359765,-2.3659766,-1.4459766,-0.045976564,1.7340235,1.4740235,1.2540234,2.8240235,-0.9259766,-3.8959765,-6.7959766,-5.655977,-0.6159766,-0.57597655,-5.0359764,-5.3059764,-5.4159765,-5.4259768,-5.8059764,-5.0559764,-5.5459766,-5.7459764,-5.405977,-4.0159764,-3.2359765,-3.1659765,-1.6259766,-3.4159765,-2.4559765,-1.5359765,-1.0159765,-3.1459765,-1.6559765,1.7040235,-1.2359766,-1.4459766,-3.4159765,-8.195976,-5.7759767,-6.1659765,-7.9659767,-4.7759767,-2.8159766,-4.7159767,-5.3959765,-5.905977,-5.5559764,-5.4859767,-4.6959767
-7.5259767,-7.2759767,-6.5959764,-6.4159765,-5.3359766,-4.7059765,-4.2559767,-3.9559765,-3.4859765,-3.0959766,-2.4059765,-1.7559766,0.07402344,1.2040235,1.1140234,1.4640235,2.1540234,-0.08597656,-1.6359766,-2.1559765,-3.1459765,0.014023437,-4.4259768,-5.5759764,-5.5459766,-5.5259767,-5.3659763,-6.0559764,-5.8659763,-6.4359765,-6.1459765,-5.2859764,-4.7559767,-3.5759766,-2.7559767,-3.4959764,-4.5659766,-3.9259765,-3.4359765,-3.0559766,-3.8259766,-0.90597653,1.6940235,0.44402343,-1.1559765,-1.7559766,-0.5359766,-0.87597656,-0.76597655,-1.5959766,-1.6259766,0.21402344,-4.5459766,-5.9159765,-5.8959765,-5.6859765,-4.5259767,-4.8559766
-7.5859766,-7.3059764,-6.6859765,-5.6259766,-5.4759765,-5.1059766,-4.8059764,-3.5159767,-3.1859765,-4.155977,-3.6259766,-2.2159765,-1.2159766,0.0040234374,-0.32597655,0.5740234,1.2140235,0.26402342,-1.7859765,-3.3659766,-3.7159765,-1.8459766,-6.0159764,-6.3959765,-5.885977,-5.9659767,-6.0859766,-6.655977,-6.7959766,-6.4959764,-6.2359767,-6.2959766,-5.3559766,-3.9659765,-3.7559767,-5.1259766,-5.3159766,-4.655977,-4.635977,-4.5659766,-3.1259766,-1.8659766,-1.5659766,-1.7859765,-3.0159767,-6.4659767,-1.9259765,-1.4559766,-3.2959766,-2.0559766,-2.0959766,-8.875977,-6.9459767,-5.635977,-5.6859765,-5.4559765,-5.3659763,-5.3559766
-6.6959767,-7.4959764,-6.6859765,-6.0859766,-5.4459767,-5.2259765,-4.4459767,-4.5159764,-5.1259766,-5.155977,-4.5359764,-3.2759767,-1.8059765,-0.83597654,-0.71597654,-0.075976565,0.97402346,-3.6959765,-3.9159765,-3.3159766,-0.77597654,-3.1059766,-7.0359764,-7.5059767,-6.2759767,-6.2159767,-7.0459766,-7.0359764,-6.8059764,-7.2259765,-7.0559764,-6.6159763,-4.9959764,-4.4359765,-4.9459767,-5.3159766,-5.5359764,-5.0659766,-6.0559764,-5.4259768,-7.2359767,-3.0759766,-4.4559765,-5.5959764,-7.2359767,-8.365976,-7.4959764,-6.635977,-7.2559767,-13.545977,-12.945976,-9.965977,-7.9159765,-5.8359766,-5.4459767,-5.6959767,-5.8959765,-6.0659766
-7.4459767,-7.5459766,-7.3159766,-6.5359764,-4.6059766,-3.7759767,-5.6659765,-4.885977,-5.4659767,-5.905977,-5.3359766,-4.0559764,-3.0559766,-2.9459765,-3.0559766,-1.6459765,0.11402344,0.5840234,-0.49597657,-2.7959766,-2.5759766,-6.7559767,-6.4259768,-7.8259764,-6.1659765,-6.2359767,-7.2259765,-7.1059766,-7.2959766,-7.5259767,-5.7459764,-6.405977,-6.5559764,-5.6959767,-5.3959765,-5.7159767,-5.3559766,-4.6059766,-3.4059765,-3.9259765,-3.2859766,0.024023438,-5.1759768,-7.0359764,-7.9459767,-8.535976,-8.875977,-7.3059764,-10.745976,-12.085977,-10.945976,-9.815976,-8.815976,-4.9259768,-4.7859764,-5.4859767,-6.6459765,-6.4859767
-7.155977,-6.9459767,-6.6159763,-5.2159767,-5.3559766,-5.0759764,-4.4459767,-5.0859766,-5.7459764,-6.5459766,-6.9959764,-5.2759767,-5.9659767,-3.3559766,-3.7159765,-2.8959765,-0.96597654,1.9540235,1.4440235,-1.2659765,-6.7459764,-8.585977,-6.5259767,-4.2759767,-6.5359764,-6.7559767,-6.8659763,-7.5859766,-7.9159765,-7.2659764,-6.2759767,-5.9559765,-6.655977,-6.7659764,-5.7659764,-5.6759768,-5.2359767,-3.8359766,-3.8659766,-4.1159763,-3.1359766,-4.2659764,-5.7059765,-8.815976,-8.375977,-8.905976,-9.685977,-10.685977,-10.295977,-10.525976,-9.645977,-8.655976,-7.2459764,-5.2659764,-5.9359765,-6.135977,-6.6659765,-5.8059764
-7.2459764,-7.0159764,-6.2959766,-5.9959764,-5.155977,-4.8759766,-5.2159767,-5.7159767,-7.6059766,-7.2959766,-6.7959766,-7.5459766,-5.655977,-5.8359766,-4.905977,-3.8659766,-4.9759765,-6.8559766,-8.615976,-8.425977,-8.115976,-6.885977,-1.8359766,-0.045976564,-4.9759765,-6.8959765,-7.2259765,-7.6959767,-8.405976,-6.5759764,-5.9559765,-6.405977,-6.2459764,-6.7659764,-6.5159764,-5.0559764,-4.9759765,-5.4459767,-4.3359766,-6.635977,-4.135977,-3.7459764,-6.1859765,-8.945976,-8.795977,-8.475977,-10.005977,-9.335977,-10.075976,-8.045977,-8.265977,-7.5959764,-7.0459766,-5.4359765,-6.1959767,-5.4659767,-4.8259764,-8.235976
-6.6759768,-6.9459767,-6.3559766,-5.5359764,-4.8759766,-6.1659765,-5.5859766,-7.6059766,-6.7659764,-6.5559764,-6.5459766,-6.5559764,-7.6759768,-6.2059765,-6.2859764,-5.885977,-6.6459765,-6.8159766,-5.0859766,-5.1659765,-3.6759765,-0.13597657,-7.8359766,-7.5459766,-6.885977,-6.1159763,-6.2959766,-8.045977,-8.105976,-5.8759766,-5.7559767,-6.2259765,-6.3759766,-6.7459764,-7.1759768,-6.4159765,-7.6159763,-9.375977,-8.895977,-6.8159766,-7.155977,-7.0959764,-6.2459764,-2.8459766,-1.9859766,-8.2059765,-8.505977,-8.135977,-8.395977,-7.9159765,-7.6959767,-6.5559764,-5.5459766,-4.9259768,-4.3659763,-4.5059767,-5.3359766,-5.405977
-6.2659764,-5.4759765,-5.4859767,-5.9459767,-3.5159767,-5.1759768,-5.1659765,-4.9559765,-5.4159765,-6.8559766,-6.7559767,-7.2159767,-6.4559765,-6.2359767,-6.5259767,-5.3959765,-4.4159765,-5.5459766,-6.6059766,-5.6059766,-8.2059765,-7.6159763,-8.025976,-8.275976,-6.5659766,-5.405977,-5.7659764,-7.8459764,-7.1159763,-5.3559766,-5.4359765,-6.1659765,-6.4759765,-6.6459765,-5.9959764,-4.9559765,-4.155977,-0.14597656,-0.88597655,-0.29597655,0.28402343,-0.26597655,-4.2859764,-1.6359766,1.2040235,-2.6159766,-7.4359765,-7.155977,-7.5559764,-7.8259764,-6.5259767,-5.8459764,-4.135977,-4.5459766,-3.2359765,-2.3459766,-1.2259766,-0.63597655
-5.1959767,-5.5659766,-5.885977,-4.6859765,-3.5359766,-4.2559767,-5.3159766,-5.2959766,-6.2359767,-5.405977,-7.5859766,-7.405977,-6.155977,-7.0259767,-5.4559765,-5.6459765,-5.2759767,-7.5959764,-7.2859764,-7.8159766,-8.575976,-7.5059767,-6.885977,-7.2359767,-5.9859767,-5.8059764,-5.0059767,-6.0759764,-6.1859765,-5.4559765,-5.6959767,-5.2459764,-5.905977,-5.8759766,-5.3159766,-2.9659765,-0.13597657,0.50402343,-3.3359766,-3.4659765,1.1240234,3.0040236,-0.34597656,-1.9459766,0.22402343,-1.0059766,-6.885977,-6.5559764,-7.1459765,-7.2559767,-5.2059765,-4.0459766,-3.7859766,-4.5459766,-3.5959766,-2.3059766,-1.4859766,-0.5959766
-1.9359765,-4.8559766,-4.5359764,-3.0759766,-4.7359767,-2.9359765,-4.2859764,-6.0559764,-6.5659766,-6.0159764,-5.3059764,-5.7859764,-5.1659765,-6.3759766,-5.7559767,-6.6959767,-6.8459764,-6.9959764,-6.9659767,-7.9659767,-7.2759767,-7.4959764,-6.905977,-5.4859767,-5.5659766,-3.6559765,-5.2059765,-4.3059764,-5.0259767,-3.8459766,-5.1459765,-3.5759766,-5.5659766,-6.1259766,-4.8359766,-3.3459766,-2.1759765,-0.27597657,-0.75597656,-2.4959764,-1.4059765,1.3240235,2.8640234,-3.9059765,-2.6259766,-0.9259766,-5.385977,-5.4959764,-5.6459765,-6.6259766,-4.7059765,-2.5259767,-3.5459766,-3.9359765,-2.1059766,-1.1259766,-0.21597657,-0.19597656
-2.3859766,-2.0959766,-3.0359766,-3.6659765,-3.3859766,-2.3659766,-2.7559767,-6.1459765,-5.7859764,-6.0659766,-5.8759766,-4.7059765,-4.2859764,-5.7259765,-6.0959764,-6.1059766,-6.7359767,-6.9959764,-7.3159766,-7.3159766,-6.9859767,-6.8759766,-5.7959766,-6.0159764,-5.1459765,-3.1959765,-3.0859766,-3.4259765,-3.7459764,-3.1559765,-3.8559766,-3.2159765,-4.905977,-3.9459765,-2.7659767,-2.3559766,-1.4859766,-0.52597654,-0.24597657,-1.1759765,-1.8359766,-1.5659766,1.3240235,-2.7359765,-6.2359767,-0.06597656,-1.8559766,-4.9359765,-4.885977,-5.1259766,-4.405977,-6.1859765,-1.6659765,-2.9259765,-1.6859765,-0.14597656,-1.2759765,-1.3859766
-0.6759766,-1.8159766,-0.99597657,-3.2159765,-3.2859766,-2.5259767,-2.3859766,-4.405977,-5.6959767,-4.8359766,-4.5059767,-3.5459766,-3.3659766,-5.5459766,-4.905977,-5.9259768,-5.4559765,-7.3659763,-6.905977,-5.8959765,-7.2059765,-5.5759764,-4.385977,-4.1659765,-4.3459764,-4.0259767,-3.0659766,-2.9459765,-2.6359766,-2.8359766,-3.5959766,-2.8359766,-1.3259766,-4.6259766,-1.8159766,-0.8459766,-0.23597656,0.28402343,0.98402345,1.1440234,-0.41597655,-2.7259765,-0.64597654,-0.39597657,-0.24597657,-2.6559765,-4.0059767,-3.8259766,-3.8759766,-3.4159765,-3.8259766,-5.385977,-0.93597656,0.99402344,-2.1059766,-1.3259766,-0.5459766,-0.9859766
-0.39597657,-0.76597655,0.26402342,-0.43597656,-2.8859766,-1.3559766,-1.8259766,-1.9759766,-3.5559766,-4.905977,-4.405977,-3.3259766,-3.0659766,-5.1759768,-5.3659763,-5.5659766,-6.0559764,-6.0859766,-5.8559766,-5.2859764,-5.8059764,-5.4659767,-4.0059767,-2.6259766,-2.8659766,-3.0859766,-2.6459765,-2.4659765,-1.6959766,-0.81597656,-0.63597655,-1.7759765,-1.5159765,-1.0259765,-0.14597656,0.23402344,0.30402344,1.2040235,1.6640234,1.2740234,-1.4059765,-0.29597655,-2.3059766,-0.41597655,1.9840235,-1.4559766,-3.5059767,-2.5459766,-3.1759765,-1.4359765,-2.7959766,-4.8359766,-1.2259766,-1.2059766,-0.56597656,-1.0059766,-0.55597657,-0.075976565
-0.68597656,1.1040235,1.3340235,1.6040235,-0.08597656,-0.48597658,-0.33597657,-1.0859766,-2.0459766,-4.6859765,-4.2859764,-1.8059765,-2.1159766,-5.3759766,-5.4159765,-5.5759764,-5.8259764,-5.3959765,-5.6859765,-4.905977,-4.7059765,-4.3259764,-2.8659766,-2.2159765,-1.6659765,-1.4359765,-2.4459765,-1.9059765,-0.81597656,-1.0059766,-1.5759766,-1.3159766,-0.65597653,-0.17597656,0.29402342,0.8340234,1.4340234,1.7240235,1.7140235,1.0040234,0.09402344,0.04402344,-1.4459766,-0.96597654,1.1940235,1.5240234,-1.5859766,-1.1059766,-1.4059765,-0.16597657,0.41402343,-1.8759766,-2.2659767,-0.82597655,-0.31597656,-0.23597656,2.5840235,0.38402343
0.054023437,1.5240234,2.7140234,2.3840234,2.1540234,1.2740234,0.5140234,-0.08597656,-1.8559766,-2.9759765,-2.7159765,-1.8159766,-1.9159765,-4.3259764,-4.8259764,-5.5559764,-5.1959767,-4.8459764,-4.8459764,-4.7259765,-4.1059766,-3.6859765,-2.4259765,-1.7659765,-1.6259766,-0.7359766,-1.1159766,-0.81597656,-0.035976563,0.13402344,-0.63597655,0.104023434,-0.015976563,0.6540234,1.8140235,2.1340234,2.2540236,3.1640234,2.6140234,1.8140235,-0.8559766,-1.7459766,-1.2459766,-1.8959765,1.2440234,2.1840234,-0.40597656,0.35402343,0.7740234,1.1240234,1.1240234,0.014023437,-3.3459766,-0.31597656,0.72402346,0.34402344,0.7040234,-0.50597656
0.20402344,3.1640234,4.614023,3.7540236,5.864023,4.0140233,4.2740235,0.8940234,-1.2459766,-1.5959766,-1.7259766,-0.71597654,-0.24597657,-3.8959765,-3.2359765,-5.0959764,-4.0259767,-4.1259766,-4.1759768,-3.1459765,-2.5259767,-2.6559765,-1.8359766,-1.2059766,-0.31597656,0.064023435,-0.7859766,0.40402344,-0.36597657,1.3440235,0.5240234,-0.31597656,2.4540234,1.0240234,1.9140234,2.9940233,0.9640234,1.6540234,1.5940235,2.1440234,1.9940234,-0.94597656,-1.4359765,-2.2959766,-2.1659765,1.6240234,1.7340235,1.9940234,1.6840234,1.9240234,0.9640234,1.0440234,-0.5959766,-0.055976562,0.30402344,1.4240234,-0.10597656,-1.7159766
4.8240232,5.0840235,7.114023,6.4640236,8.004024,7.0340233,7.9040236,5.4540234,0.47402343,-0.06597656,0.28402343,-1.2759765,1.1540234,-2.8059766,-4.3059764,-2.0259767,-0.6059766,-3.4059765,-2.1459765,-1.4659766,-0.8459766,-1.7959765,-1.4559766,-0.19597656,0.73402345,-0.055976562,1.0840235,1.5740235,2.3940234,1.4740235,0.04402344,-0.58597654,-1.8859766,-0.8559766,-0.22597656,-0.70597655,-0.64597654,0.034023438,1.0840235,1.8140235,1.7740234,1.2540234,-1.2959765,-0.9759766,-2.7759767,-1.5559765,1.9840235,2.3440235,4.1440234,1.4840235,1.2740234,1.2940234,1.3540235,2.6040235,2.5940235,2.1640234,0.27402344,-0.24597657
6.1640234,6.0840235,7.114023,7.2040234,9.564023,10.654023,8.214024,9.374023,5.5240235,2.4240234,1.1440234,-1.2159766,0.8240234,-0.13597657,-3.1059766,-1.8359766,-0.9159766,-1.8059765,-1.7859765,-1.5459765,-0.6159766,0.31402344,-1.5259765,-3.9559765,4.2040234,0.45402345,0.014023437,-1.0059766,-1.5959766,-0.52597654,-1.5559765,-1.8159766,-1.2359766,-1.3359766,0.36402345,-0.49597657,1.2440234,-0.24597657,0.24402344,1.2140235,0.27402344,0.20402344,0.09402344,-2.1459765,-3.1259766,-3.7159765,-1.0659766,1.2040235,3.2640235,0.68402344,0.80402344,1.2040235,2.0340235,2.8040235,2.9640234,2.5040236,1.3340235,0.91402346
4.6340237,9.234023,9.894024,10.994023,12.724024,11.364023,9.564023,7.5040236,6.8540235,2.1640234,2.9240234,2.3340235,2.1640234,1.0340234,-1.7659765,-0.99597657,0.14402343,0.6440234,-0.40597656,-0.45597658,-0.055976562,1.2340235,0.60402346,0.8940234,-0.6059766,-2.4459765,-1.0859766,-1.3459766,-1.4259765,-0.81597656,-0.87597656,-1.2559766,-0.7959766,-0.45597658,-0.115976565,1.4340234,0.41402343,0.49402344,0.8840234,0.16402344,-0.40597656,-0.50597656,-0.14597656,-1.3759766,-2.4959764,-3.6659765,-4.1759768,-2.3659766,-0.7959766,-0.14597656,0.15402344,2.7540236,3.5640235,2.9740233,2.6340234,3.0540235,2.3440235,1.6640234
5.8340235,9.0440235,12.0440235,12.574023,11.984023,8.924024,10.154023,8.064023,6.8940234,4.8940234,3.8440235,4.7740235,4.2840233,-0.45597658,-1.9259765,-0.6059766,2.2240233,1.4040234,2.0740235,1.9740235,1.7140235,2.3840234,2.1240234,3.3440235,-4.2859764,-3.3459766,-2.8359766,-2.1559765,-2.2859766,-1.3059765,-0.9859766,-0.83597654,-0.43597656,0.23402344,0.44402343,0.054023437,1.1640234,0.99402344,1.0740235,0.43402344,-0.08597656,-0.41597655,-0.46597657,-0.48597658,-2.9759765,-3.3259766,-3.9559765,-4.5659766,-3.5259767,-1.0859766,0.18402344,1.3340235,-0.81597656,0.19402343,0.11402344,0.40402344,1.4240234,1.8440235
9.354023,10.364023,11.114023,11.634024,10.804024,10.574023,10.714024,8.664023,8.474024,7.4440236,6.7440233,4.2240233,3.5240235,-2.9659765,-2.0859766,3.1040235,4.8240232,3.3140235,3.1740234,1.8140235,1.2640234,-0.56597656,-1.7159766,-4.3259764,-4.2559767,-3.5259767,-1.9559766,-2.7859766,-3.4559765,-2.5859766,-2.0059767,-1.9759766,-1.4059765,-0.5959766,0.55402344,-0.6059766,0.68402344,1.5040234,0.9540234,0.56402344,0.41402343,0.104023434,-1.3759766,-1.4859766,-2.6959765,-3.0859766,-4.5059767,-4.5259767,-5.5259767,-4.0559764,-2.8859766,-2.0159767,-1.5059766,-1.2359766,-0.46597657,-0.16597657,0.43402344,1.4840235
8.284023,9.154023,9.904023,8.844024,10.254024,11.234023,10.604023,8.944023,8.744023,8.614023,7.9240236,6.2040234,5.4640236,-1.0059766,2.1540234,6.8740234,4.864023,3.1940234,3.0140235,-3.9359765,-3.3059766,-3.6359766,-4.7959766,-4.8059764,-4.155977,-3.3659766,-4.2359767,-5.0359764,-3.7059765,-2.3259766,-2.7859766,-2.5659766,-2.2259765,0.16402344,0.014023437,-0.045976564,0.26402342,0.44402343,1.5540234,0.53402346,-2.2359765,-2.5359766,-2.2359765,-1.8459766,-2.2359765,-2.4459765,-5.5359764,-4.0059767,-3.9259765,-3.2859766,-2.8559766,-1.5259765,-1.3259766,-1.5359765,-0.71597654,1.6040235,3.8240235,4.4540234
