public/json/wind_6000m.json
{"header": { "discipline":0, "disciplineName":"Meteorological products", "gribEdition":2, "gribLength":86288, "center":7, "centerName":"US National Weather Service - NCEP(WMC)", "subcenter":0, "refTime":"2020-05-10T12:00:00.000Z", "significanceOfRT":1, "significanceOfRTName":"Start of forecast", "productStatus":0, "productStatusName":"Operational products", "productType":1, "productTypeName":"Forecast products", "productDefinitionTemplate":0, "productDefinitionTemplateName":"Analysis/forecast at horizontal level/layer at a point in time", "parameterCategory":2, "parameterCategoryName":"Momentum", "parameterNumber":3, "parameterNumberName":"V-component_of_wind", "parameterUnit":"m.s-1", "genProcessType":2, "genProcessTypeName":"Forecast", "forecastTime":0, "surface1Type":102, "surface1TypeName":"Specific altitude above mean sea level", "surface1Value":3658.0, "surface2Type":255, "surface2TypeName":"Missing", "surface2Value":0.0, "gridDefinitionTemplate":0, "gridDefinitionTemplateName":"Latitude_Longitude", "numberPoints":65160, "shape":6, "shapeName":"Earth spherical with radius of 6,371,229.0 m", "gridUnits":"degrees", "resolution":48, "winds":"true", "scanMode":0, "nx":360, "ny":181, "basicAngle":0, "lo1":0.0, "la1":90.0, "lo2":359.0, "la2":-90.0, "dx":1.0, "dy":1.0 }, "data":
[rows 78 to 103 of 181, columns 295 to 353 of 360]
-3.233816,-2.8438158,-2.943816,-3.253816,-3.153816,-1.433816,0.5361841,1.1161841,1.8861841,2.866184,2.6861842,2.7061841,2.366184,3.266184,3.6561842,3.586184,2.596184,2.816184,3.066184,3.6661842,3.9361842,3.9061842,3.7361841,2.9861841,2.396184,2.9161842,3.596184,4.0361843,4.126184,3.536184,3.876184,2.826184,2.306184,4.046184,4.456184,3.7261841,2.746184,3.4161842,4.146184,3.6761842,2.586184,2.866184,3.596184,3.2361841,2.7361841,1.9161841,1.176184,0.9061841,0.2661841,-0.47381592,-0.94381595,0.5861841,0.49618408,-0.04381592,-1.3738159,-2.233816,-2.913816,-2.0538158,-2.633816
-2.2738159,-3.103816,-2.653816,-1.913816,-1.2438159,0.12618408,0.91618407,1.2761841,1.5961841,1.4061841,1.7261841,0.98618406,2.006184,2.1561842,2.556184,2.4661841,1.836184,1.8661841,2.4161842,1.816184,2.9661841,3.056184,2.9461842,3.296184,3.7061841,3.616184,3.856184,3.4261842,3.626184,3.026184,2.6961842,3.296184,3.4661841,3.566184,2.066184,2.576184,3.4761841,4.156184,4.086184,2.896184,2.266184,3.846184,4.926184,2.7161841,1.2161841,0.47618407,-0.033815917,-0.7438159,-1.4538159,-1.313816,-1.3938159,0.16618408,-0.07381592,-1.1138159,-0.17381592,-1.1538159,-3.3138158,-4.623816,-2.5438159
-3.7738159,-3.453816,-3.2938159,-2.683816,-1.5038159,0.14618409,0.67618406,0.9061841,1.1661841,0.66618407,0.6961841,0.8461841,0.37618408,0.6961841,1.1261841,1.4161841,1.336184,1.316184,1.2561841,1.7261841,1.076184,2.366184,3.286184,3.036184,2.826184,3.126184,3.9661841,2.9261842,1.7861841,1.686184,3.646184,3.2061841,2.636184,1.696184,3.076184,2.4261842,3.866184,3.4861841,2.9461842,3.046184,3.1861842,3.866184,1.956184,1.1661841,1.0261841,-1.053816,-2.633816,-2.433816,-0.6638159,-1.313816,-0.9338159,-1.303816,-0.9738159,-0.57381594,-0.76381594,-1.1038159,-2.413816,-4.613816,-2.3338158
-2.5338159,-2.5638158,-2.983816,-2.403816,-1.313816,0.026184082,0.09618408,0.8961841,0.54618406,0.60618407,0.3261841,1.1161841,0.8161841,0.7861841,0.91618407,0.60618407,0.2661841,0.46618408,0.3961841,0.8161841,0.34618407,-0.07381592,0.16618408,1.686184,3.016184,2.2161841,2.866184,3.006184,2.796184,2.1761842,1.686184,2.496184,2.846184,1.936184,1.826184,2.2261841,2.4261842,1.5361841,2.836184,2.4761841,1.936184,-0.49381593,0.8261841,2.026184,0.73618406,-0.2938159,-2.5638158,-3.3138158,-0.013815918,-0.3938159,0.06618408,-0.30381593,-1.0138159,0.04618408,2.786184,2.546184,-0.41381592,-1.8538159,-0.3938159
-0.69381595,-0.7138159,-1.193816,-1.3838159,-0.8038159,-0.11381592,-0.04381592,-0.49381593,-0.6038159,0.026184082,0.37618408,0.006184082,-0.033815917,0.31618407,0.9061841,0.9361841,-0.3538159,-0.04381592,0.4561841,0.3861841,-1.443816,-1.7338159,-0.5538159,0.34618407,2.4561841,2.1961842,2.146184,1.8461841,2.1561842,1.3761841,1.056184,0.27618408,0.5961841,1.6561841,0.6561841,1.086184,1.586184,2.066184,2.356184,1.4761841,-1.073816,-1.1538159,0.10618408,-1.053816,-0.8638159,0.15618408,-1.2338159,-3.5238159,-1.923816,-0.46381593,-0.46381593,0.7061841,-0.40381593,2.266184,2.116184,1.5061841,1.4861841,0.3861841,0.6561841
0.30618408,-0.3838159,0.3861841,-0.12381592,-0.11381592,-0.053815916,-0.8038159,-1.193816,-1.2538159,-0.33381593,-1.0238159,-0.9938159,0.3861841,1.316184,1.176184,0.086184084,-2.253816,-2.7838159,-1.7138159,-0.8538159,-1.673816,-2.3438158,-1.1438159,0.22618409,1.7961841,3.066184,1.436184,0.43618408,1.086184,0.7461841,0.036184084,-0.4238159,-1.423816,0.8361841,0.91618407,0.8761841,0.5261841,1.186184,0.6261841,-0.58381593,-1.823816,0.04618408,-2.2938159,-2.103816,-2.0538158,-0.7538159,-0.6038159,-2.613816,-1.8338159,-0.6838159,0.5961841,-0.13381591,0.9361841,0.67618406,0.33618408,0.2961841,-0.023815919,-0.6138159,0.40618408
0.23618408,-0.3538159,0.04618408,-0.9838159,-1.0838159,-0.7838159,-1.3938159,-1.173816,-0.9938159,-1.183816,-1.4938159,-2.5638158,0.79618406,0.15618408,-0.8138159,-0.8738159,-1.6438159,-0.9338159,-1.1538159,-0.12381592,-0.6038159,-1.6438159,0.16618408,0.5361841,2.2161841,4.026184,1.3661841,-1.7338159,-1.1138159,-1.5238159,-2.613816,-1.3838159,-0.49381593,-0.2638159,0.43618408,-0.9238159,0.116184086,-1.303816,1.316184,0.20618409,0.2661841,1.456184,-3.373816,-2.923816,-3.0338159,-2.963816,-1.2338159,-0.34381592,0.41618407,0.8261841,0.6261841,2.756184,2.7361841,1.3761841,0.54618406,0.7061841,0.5061841,0.2961841,0.72618407
-0.8138159,-2.0238159,-1.6338159,-1.3738159,-3.673816,-1.303816,-1.683816,-2.613816,-1.573816,-1.1338159,-2.653816,0.22618409,3.1661842,0.14618409,-0.44381592,-0.3638159,-0.9138159,0.6461841,0.66618407,-1.433816,-2.0338159,-1.3838159,-0.7438159,0.25618407,-1.8738159,-1.2138159,-1.183816,-2.603816,-1.8438159,-1.163816,-1.573816,-0.5038159,0.20618409,-0.37381592,0.4261841,-0.9738159,-2.5938158,-0.82381594,-1.5338159,-0.27381593,-0.8438159,0.7161841,-2.8238158,-3.853816,-4.6938157,-0.15381593,-4.013816,0.10618408,-0.053815916,0.43618408,0.91618407,1.176184,2.786184,2.246184,1.9861841,1.1661841,0.47618407,0.14618409,0.116184086
-0.9038159,-1.2538159,-1.8538159,-2.103816,-1.6238159,-3.183816,-2.713816,-1.823816,-2.5538158,-0.10381592,-0.8638159,0.55618405,1.9161841,0.44618407,-0.31381592,-0.13381591,-1.803816,-0.6538159,-0.7438159,-2.423816,-3.463816,-3.963816,-2.393816,-2.943816,-1.4538159,0.6461841,-0.18381591,-2.943816,-3.353816,-0.6238159,-0.9338159,1.5461841,1.3661841,0.13618408,-0.8738159,-1.7738159,-0.77381593,-1.1438159,-0.51381594,-1.2838159,-1.1438159,-2.5238159,-1.3438159,-1.6138159,-4.183816,-3.8138158,-0.34381592,-0.4238159,-0.47381592,-0.3538159,2.086184,0.91618407,3.786184,1.1361841,1.8861841,1.176184,0.056184083,-0.7838159,-0.3238159
-0.19381592,0.17618409,-1.423816,-1.1538159,-1.183816,-2.3438158,-2.5638158,-1.2538159,-0.9038159,-2.2938159,-0.9238159,-1.1338159,1.1261841,-0.12381592,-0.46381593,-0.27381593,-2.0438159,-0.63381594,0.8461841,-2.373816,-3.853816,-4.4438157,-4.283816,-5.343816,-1.2238159,1.436184,-5.743816,-3.643816,-3.233816,0.4561841,0.6261841,1.2961841,0.5861841,-0.7338159,-1.1438159,-1.3938159,-1.9538159,-1.1538159,-1.193816,-1.7338159,-2.743816,-1.2538159,-2.2738159,-3.423816,-2.223816,-2.143816,-1.553816,0.3661841,-1.3338159,-0.51381594,1.1461841,1.676184,3.396184,1.7261841,1.2861841,1.0961841,0.4861841,-0.023815919,-0.6538159
0.4261841,-0.07381592,0.20618409,-0.89381593,-2.0238159,-1.553816,-0.9638159,-1.1338159,-0.44381592,-1.6038159,0.47618407,-1.3438159,-0.8638159,-0.19381592,-0.40381593,0.28618407,-0.13381591,4.316184,2.056184,-2.713816,-3.353816,-6.083816,-3.903816,-7.913816,-3.0238159,-1.683816,-1.9638159,-1.8538159,-2.003816,-0.5338159,0.27618408,-0.22381592,-0.9138159,-0.5938159,-1.1038159,-1.803816,-2.713816,-2.3038158,-1.433816,-1.923816,-2.003816,-0.7538159,-2.653816,-3.0538158,-1.5838159,-1.7138159,-1.0138159,0.66618407,-2.0438159,-1.7238159,1.326184,1.956184,0.80618405,0.47618407,-0.51381594,-1.693816,-0.7538159,-0.5538159,-0.20381592
1.3961841,0.2661841,-1.683816,-0.57381594,-0.8738159,-1.6438159,-2.963816,-0.88381594,1.0261841,0.2661841,-1.0138159,-1.0238159,-0.6738159,-0.9038159,0.006184082,-0.19381592,-0.27381593,1.056184,0.04618408,-4.273816,-1.3638159,-7.993816,-3.913816,-7.543816,-2.113816,-1.943816,-1.2038159,-1.8538159,-1.2838159,-0.08381592,-0.6538159,-0.6138159,-0.7138159,-1.2038159,-1.2638159,-1.1238159,-1.2638159,-2.363816,-2.943816,-3.7938159,-2.753816,-2.963816,-3.7638159,-3.5738158,-2.373816,-1.6138159,-2.0438159,-0.57381594,-2.5338159,0.22618409,0.17618409,0.8361841,0.7561841,-0.023815919,2.536184,-2.0838158,-0.64381593,0.5261841,1.556184
-0.8438159,-2.0738158,-0.19381592,-0.7138159,-1.063816,-0.5538159,-1.063816,-0.82381594,-0.8538159,0.5661841,-2.233816,-2.733816,-0.8538159,0.056184083,0.9661841,-0.11381592,-1.1438159,0.73618406,0.73618406,-4.633816,-0.8038159,-3.5138159,-3.953816,-10.863816,2.6661842,-2.143816,-2.2738159,-1.2038159,-0.6138159,-1.1338159,-1.9938159,-2.153816,-1.823816,-2.5238159,-2.243816,-2.253816,-2.493816,-3.183816,-4.373816,-3.453816,-3.7638159,-4.203816,-4.453816,-4.433816,-3.5538158,-4.343816,-3.3138158,-1.8938159,-2.223816,-1.1238159,-0.57381594,-0.37381592,-1.303816,-0.44381592,-0.6138159,0.31618407,2.326184,1.826184,1.586184
-0.8638159,-1.1038159,-0.9238159,-1.2238159,0.33618408,0.49618408,0.33618408,0.036184084,0.40618408,0.056184083,-0.4238159,-0.6238159,1.5461841,0.7561841,0.10618408,0.30618408,-0.40381593,-0.46381593,-0.7238159,-1.823816,-0.95381594,-2.0838158,-3.923816,-4.743816,-1.0238159,-1.8438159,-1.2638159,-2.0538158,-2.2738159,-2.723816,-2.653816,-3.433816,-3.103816,-2.883816,-2.7738159,-1.6338159,-1.0938159,-3.643816,-4.6938157,-3.443816,-3.743816,-3.8238158,-3.973816,-3.8338158,-3.903816,-3.7738159,-2.623816,-2.253816,-1.8638159,-0.63381594,-1.4738159,-1.6438159,-2.5238159,-2.3238158,-2.663816,-1.043816,-2.703816,-0.013815918,-0.9938159
-4.103816,-2.113816,-0.3638159,-1.0038159,-0.6038159,0.7761841,1.0061841,0.7561841,-0.6038159,0.22618409,3.1761842,2.266184,1.1361841,0.3961841,0.7061841,0.30618408,0.7861841,-0.7538159,-1.3938159,-1.7038159,-0.95381594,-2.203816,-2.703816,-2.493816,-2.983816,-2.943816,-4.313816,-1.5838159,-2.5638158,-2.383816,-2.363816,-2.973816,-3.123816,-3.2638159,-1.8838159,-1.8738159,-2.5138159,-4.603816,-5.323816,-5.543816,-3.913816,-3.683816,-4.723816,-4.023816,-5.183816,-5.333816,-4.393816,-1.913816,-2.0638158,-0.6638159,-0.9338159,-2.633816,-2.193816,-2.393816,-3.503816,-3.753816,-2.643816,-2.123816,-1.6038159
-2.903816,-2.723816,-2.353816,-1.693816,-1.2838159,-0.7238159,0.056184083,-0.013815918,-1.443816,-0.40381593,1.1261841,2.066184,1.066184,0.7661841,0.5661841,0.2661841,0.6961841,-2.123816,-2.223816,-1.0338159,-1.3738159,-1.933816,-2.103816,-2.213816,-2.853816,-1.1238159,3.2061841,-2.663816,-2.743816,-2.2838159,-1.8638159,-1.5238159,-2.353816,-1.1138159,-0.58381593,-1.6238159,-1.933816,-2.443816,-2.8438158,-4.663816,-4.1738157,-4.9238157,-4.703816,-4.4438157,-4.743816,-5.773816,-4.493816,-3.8138158,-2.713816,-2.5638158,-1.9038159,-1.6038159,-3.113816,-2.373816,-3.223816,-4.113816,-5.1738157,-3.713816,-1.683816
-2.353816,-3.0238159,-2.233816,-2.243816,-0.9138159,-0.7938159,-0.2938159,0.19618408,-1.3838159,-0.21381591,0.21618408,0.33618408,1.0061841,0.9461841,-0.053815916,0.116184086,-0.76381594,-1.8838159,-2.883816,-1.8538159,-0.3838159,-1.293816,0.20618409,-0.8638159,-0.52381593,0.086184084,4.466184,-1.5938159,-2.193816,-0.44381592,0.28618407,0.5661841,0.40618408,-1.423816,-0.4538159,-2.103816,-2.0338159,-1.693816,-1.9838159,-3.423816,-3.2638159,-4.323816,-3.703816,-4.633816,-5.283816,-3.643816,-4.093816,-3.963816,-3.503816,-3.8038158,-3.703816,-3.0638158,-2.5138159,-2.183816,-2.143816,-3.863816,-3.5838158,-3.0238159,-1.7838159
-2.643816,-1.9038159,-2.403816,-1.5338159,-0.69381595,-1.053816,-0.6238159,-1.1038159,-0.6838159,0.09618408,-0.31381592,1.426184,1.9161841,0.18618408,-0.58381593,-1.0138159,-1.3538159,-0.58381593,0.21618408,0.8461841,0.31618407,0.33618408,0.6261841,0.91618407,-0.94381595,0.28618407,4.186184,0.2661841,-0.25381592,0.5061841,-0.013815918,0.4261841,0.6361841,0.34618407,-0.57381594,-3.0738158,-3.243816,-1.3538159,-2.5138159,-2.353816,-2.143816,-3.3438158,-3.653816,-3.7738159,-4.303816,-4.393816,-4.553816,-4.843816,-4.913816,-4.373816,-4.723816,-4.753816,-3.973816,-2.233816,-0.70381594,-1.8738159,-2.463816,-2.643816,-2.5738158
-2.393816,-1.8538159,-1.183816,-1.303816,-2.0838158,-1.4038159,-1.9538159,0.10618408,-1.7538159,-2.183816,-0.3938159,-0.24381591,0.04618408,-0.63381594,-0.58381593,-1.1038159,-0.9238159,-0.44381592,-0.7538159,-0.10381592,-0.41381592,-1.0038159,0.18618408,-0.43381593,-0.7838159,0.7061841,1.4161841,0.27618408,0.91618407,1.5361841,-0.06381592,0.17618409,0.6261841,0.7761841,0.10618408,-1.9038159,-2.0638158,-3.8038158,-2.443816,-2.0538158,-2.223816,-2.7738159,-3.003816,-4.113816,-4.1538157,-6.063816,-3.913816,-5.723816,-5.083816,-5.393816,-4.343816,-4.2138157,-4.743816,-3.8438158,-2.873816,-1.5138159,-1.563816,-1.2338159,-1.823816
-3.973816,-3.403816,-2.723816,-2.383816,-2.483816,-2.0638158,-0.9838159,-1.9538159,-1.7238159,-0.13381591,-0.5438159,-1.0338159,-0.7838159,-0.6238159,-0.3838159,-0.43381593,-0.25381592,0.036184084,-0.6738159,-0.44381592,0.04618408,-1.913816,-1.553816,-1.683816,-2.3038158,-0.9638159,-0.3638159,0.8161841,1.706184,0.8261841,0.60618407,0.5861841,0.27618408,0.3861841,0.17618409,0.12618408,-0.9838159,-2.433816,-4.073816,-3.973816,-4.803816,-4.4038157,-2.5738158,-3.673816,-4.833816,-4.7138157,-5.363816,-4.353816,-4.4638157,-5.4238157,-5.4038157,-5.413816,-4.593816,-4.223816,-3.453816,-2.2638159,-0.28381592,-1.663816,-1.0138159
-2.423816,-4.1938157,-3.853816,-2.643816,-2.403816,-1.933816,-1.553816,-0.83381593,-1.923816,-2.483816,-1.2338159,-1.7738159,-1.1138159,-2.8138158,-3.2738159,-1.9738159,-1.2138159,-0.4838159,-0.49381593,-0.13381591,-1.1538159,-0.8738159,-0.83381593,-1.9638159,-1.433816,-1.803816,0.44618407,1.706184,0.9461841,0.9561841,1.076184,1.4661841,1.186184,0.31618407,0.25618407,1.0961841,1.456184,1.2561841,-0.4238159,-1.6538159,-2.3338158,-5.663816,-4.663816,-3.243816,-2.7738159,-4.993816,-4.7138157,-5.753816,-4.843816,-4.4438157,-5.163816,-5.893816,-5.533816,-5.633816,-3.863816,-3.0838158,-1.5238159,-0.58381593,-1.303816
-3.3138158,-3.943816,-3.703816,-3.113816,-2.753816,-2.933816,-3.233816,-2.7738159,-2.643816,-2.973816,-2.5538158,-1.2338159,-0.9238159,-2.703816,-2.403816,-1.7438159,-1.1338159,0.4261841,0.056184083,0.6861841,-0.69381595,-0.20381592,-1.3938159,-1.6138159,-1.073816,0.036184084,0.46618408,2.276184,1.7461841,1.836184,2.506184,2.056184,2.636184,2.4661841,1.7661841,1.7961841,1.806184,1.5261841,0.9061841,1.066184,0.54618406,0.40618408,-1.7738159,-5.4038157,-2.603816,-1.9838159,-4.103816,-6.503816,-6.023816,-4.983816,-4.1938157,-5.033816,-5.433816,-5.883816,-5.123816,-4.763816,-3.693816,-2.0738158,-0.83381593
-1.823816,-3.0638158,-3.643816,-3.3438158,-3.103816,-2.373816,-2.493816,-2.5738158,-1.7738159,-2.8138158,-2.5338159,-2.483816,-2.383816,-2.8238158,-0.6138159,-1.543816,-0.12381592,0.44618407,-0.40381593,-1.053816,-1.443816,-2.643816,-1.5338159,-1.7538159,-1.433816,-2.663816,0.016184082,1.5461841,2.376184,2.836184,1.6061841,2.526184,2.646184,3.766184,3.246184,3.9761841,2.9761841,2.536184,1.9961841,1.806184,2.2161841,2.4161842,0.6861841,-1.7538159,-5.083816,-0.51381594,-1.303816,-4.7138157,-2.753816,-3.5338159,-3.693816,-2.363816,-1.4838159,-1.2738159,-1.1238159,-1.2138159,-3.0438159,-2.8038158,-2.2638159
-4.4238157,-3.623816,-3.493816,-3.463816,-4.843816,-3.3338158,-3.2738159,-3.103816,-3.363816,-3.393816,-2.5938158,-2.0838158,-2.113816,-3.503816,-3.003816,-1.663816,-0.10381592,-0.3938159,-2.8038158,-0.6138159,-1.7038159,-0.49381593,-2.193816,0.31618407,-1.553816,-4.6738157,1.7961841,0.9061841,2.326184,1.0061841,1.9661841,1.6561841,2.796184,4.176184,5.136184,3.846184,4.0961843,4.3461843,2.4261842,2.626184,2.366184,1.956184,2.266184,0.79618406,-1.4738159,-2.5838158,-1.9838159,-1.6538159,-2.2638159,-1.6338159,-2.383816,-1.073816,1.0161841,1.3561841,0.97618407,1.1561841,0.086184084,-0.41381592,0.61618406
-6.1738157,-6.033816,-4.9438157,-3.663816,-4.093816,-3.613816,-1.8638159,-1.673816,-3.693816,-4.503816,-3.373816,-3.433816,-5.133816,-3.973816,-2.253816,-3.2838159,-1.933816,-2.123816,-2.853816,-3.353816,-1.1238159,-1.0938159,0.3261841,0.04618408,0.006184082,1.8961841,-1.3338159,2.1661842,1.566184,-0.18381591,-0.093815915,2.4161842,3.4861841,3.586184,4.526184,4.856184,4.546184,3.9761841,3.046184,3.586184,3.9261842,4.046184,3.276184,2.086184,0.54618406,-1.0238159,-2.243816,-2.0338159,-1.7638159,-1.2438159,-0.053815916,0.3861841,1.196184,0.9661841,1.326184,1.696184,1.2561841,0.9061841,0.5361841
-7.133816,-6.4438157,-5.743816,-6.063816,-4.9638157,-3.2738159,-1.063816,-1.163816,-3.5838158,-6.053816,-6.1738157,-5.533816,-6.323816,-4.473816,-4.7138157,-3.8138158,-3.3238158,-2.123816,-2.253816,-2.133816,-4.593816,-2.393816,-2.2838159,-1.9938159,-1.9538159,-1.193816,1.1661841,0.5661841,1.326184,-0.20381592,0.80618405,2.2361841,2.506184,4.366184,5.176184,5.3461843,5.436184,4.476184,4.376184,4.546184,3.766184,3.1861842,3.896184,2.596184,1.1461841,0.25618407,-0.9338159,-2.103816,-1.5338159,-0.8138159,-0.11381592,0.8261841,1.6661841,1.7761841,2.1761842,2.356184,2.136184,1.2361841,-0.6238159
