public/json/wind_6000m.json
{"header": { "discipline":0, "disciplineName":"Meteorological products", "gribEdition":2, "gribLength":85411, "center":7, "centerName":"US National Weather Service - NCEP(WMC)", "subcenter":0, "refTime":"2020-05-10T12:00:00.000Z", "significanceOfRT":1, "significanceOfRTName":"Start of forecast", "productStatus":0, "productStatusName":"Operational products", "productType":1, "productTypeName":"Forecast products", "productDefinitionTemplate":0, "productDefinitionTemplateName":"Analysis/forecast at horizontal level/layer at a point in time", "parameterCategory":2, "parameterCategoryName":"Momentum", "parameterNumber":2, "parameterNumberName":"U-component_of_wind", "parameterUnit":"m.s-1", "genProcessType":2, "genProcessTypeName":"Forecast", "forecastTime":0, "surface1Type":102, "surface1TypeName":"Specific altitude above mean sea level", "surface1Value":3658.0, "surface2Type":255, "surface2TypeName":"Missing", "surface2Value":0.0, "gridDefinitionTemplate":0, "gridDefinitionTemplateName":"Latitude_Longitude", "numberPoints":65160, "shape":6, "shapeName":"Earth spherical with radius of 6,371,229.0 m", "gridUnits":"degrees", "resolution":48, "winds":"true", "scanMode":0, "nx":360, "ny":181, "basicAngle":0, "lo1":0.0, "la1":90.0, "lo2":359.0, "la2":-90.0, "dx":1.0, "dy":1.0 }, "data":
[rows 0 to 25 of 181, columns 232 to 289 of 360]
5.4781737,5.4781737,5.468174,5.468174,5.4581738,5.4581738,5.448174,5.438174,5.418174,5.408174,5.388174,5.3681736,5.358174,5.3281736,5.3081737,5.2881737,5.258174,5.2281737,5.198174,5.168174,5.138174,5.108174,5.068174,5.0381737,4.9981737,4.9581738,4.918174,4.8681736,4.8281736,4.778174,4.738174,4.688174,4.638174,4.5781736,4.528174,4.4781737,4.418174,4.358174,4.3081737,4.2481737,4.188174,4.1181736,4.0581737,3.9881737,3.9281738,3.8581738,3.788174,3.7181737,3.6481738,3.5781739,3.508174,3.4281738,3.3581738,3.278174,3.2081738,3.1281738,3.048174,2.9681737
4.738174,4.668174,4.5781736,4.4981737,4.418174,4.3281736,4.2481737,4.148174,4.068174,3.9681737,3.8881738,3.798174,3.7181737,3.6281738,3.538174,3.4581738,3.3681738,3.288174,3.2081738,3.1181738,3.038174,2.9481738,2.8681738,2.778174,2.6981738,2.6181738,2.548174,2.4681737,2.3881738,2.318174,2.2381737,2.1581738,2.0881739,2.018174,1.9581739,1.8881738,1.8181739,1.7581738,1.6881738,1.6281738,1.5681739,1.5081738,1.4381738,1.3781738,1.3081738,1.2481738,1.1781738,1.1281738,1.0781739,1.0281738,0.9681738,0.91817385,0.85817385,0.80817384,0.74817383,0.68817383,0.6481738,0.5881738
5.318174,5.188174,5.048174,4.888174,4.738174,4.5781736,4.418174,4.2481737,4.088174,3.9181738,3.758174,3.6081738,3.4781737,3.3581738,3.2381737,3.1381738,3.058174,2.9881737,2.9281738,2.8581738,2.778174,2.6981738,2.6081738,2.4881737,2.3381739,2.1881738,2.028174,1.8381739,1.6381738,1.4281738,1.2281739,1.0181738,0.80817384,0.60817385,0.40817383,0.19817382,0.008173828,-0.18182617,-0.36182618,-0.52182615,-0.69182616,-0.8518262,-0.9918262,-1.1218262,-1.2518262,-1.3718262,-1.4818262,-1.5818262,-1.6718261,-1.7718261,-1.8418262,-1.9118261,-1.9918262,-2.0618262,-2.1118262,-2.1618261,-2.201826,-2.241826
5.878174,5.798174,5.738174,5.658174,5.548174,5.378174,5.198174,4.9581738,4.678174,4.378174,4.108174,3.8381739,3.5881739,3.3381739,3.0981739,2.818174,2.508174,2.1881738,1.8281739,1.4681739,1.0781739,0.68817383,0.28817382,-0.08182617,-0.45182618,-0.7418262,-1.0018262,-1.2518262,-1.4318261,-1.6118262,-1.7618262,-1.9018261,-2.0418262,-2.1618261,-2.2818263,-2.4118261,-2.5418262,-2.6518261,-2.7718263,-2.8818262,-2.991826,-3.0818262,-3.181826,-3.2618263,-3.3518262,-3.441826,-3.5218263,-3.6018262,-3.701826,-3.7918262,-3.8818262,-3.961826,-4.031826,-4.111826,-4.181826,-4.241826,-4.2918262,-4.331826
6.2681737,6.148174,6.028174,5.918174,5.8081737,5.698174,5.568174,5.428174,5.258174,4.9981737,4.688174,4.3081737,3.8981738,3.4881737,3.048174,2.558174,2.068174,1.5881739,1.1481738,0.74817383,0.36817384,0.008173828,-0.32182616,-0.63182616,-0.90182614,-1.1518261,-1.3518262,-1.5518261,-1.7318262,-1.9018261,-2.0818262,-2.2618263,-2.451826,-2.6518261,-2.8718262,-3.0918262,-3.3218262,-3.5418262,-3.7518263,-3.951826,-4.1318264,-4.2918262,-4.431826,-4.5218263,-4.611826,-4.681826,-4.741826,-4.7918262,-4.841826,-4.861826,-4.891826,-4.891826,-4.9018264,-4.9218264,-4.931826,-4.9418263,-4.951826,-4.9618263
6.588174,6.3481736,6.128174,5.908174,5.7081738,5.568174,5.448174,5.3481736,5.2081738,5.0181737,4.7481737,4.408174,4.0181737,3.548174,3.068174,2.5981739,2.1681738,1.7381738,1.3081738,0.8981738,0.49817383,0.108173825,-0.25182617,-0.58182615,-0.8518262,-1.0918262,-1.2918261,-1.4818262,-1.7118262,-1.9718262,-2.241826,-2.5118263,-2.7718263,-3.0418262,-3.3118262,-3.5718262,-3.8018262,-4.0018263,-4.161826,-4.311826,-4.4018264,-4.4818263,-4.511826,-4.5218263,-4.5418262,-4.571826,-4.621826,-4.681826,-4.701826,-4.741826,-4.801826,-4.851826,-4.811826,-4.741826,-4.6718264,-4.551826,-4.341826,-4.141826
8.6981735,8.2381735,7.7481737,7.258174,6.8081737,6.388174,6.0181737,5.718174,5.5581737,5.448174,5.3481736,5.168174,4.8481736,4.548174,4.2281737,3.818174,3.3381739,2.8281739,2.308174,1.7781738,1.2481738,0.73817384,0.24817383,-0.19182616,-0.58182615,-0.9318262,-1.1818261,-1.3118262,-1.3718262,-1.4118261,-1.4718262,-1.6118262,-1.7618262,-1.8718262,-1.9418262,-1.9718262,-2.0018263,-2.0918262,-2.221826,-2.3818262,-2.5618262,-2.7818263,-2.961826,-3.0818262,-3.1518261,-3.181826,-3.191826,-3.231826,-3.3118262,-3.4018261,-3.5018263,-3.5518262,-3.5318263,-3.491826,-3.4018261,-3.3218262,-3.2518263,-3.201826
10.338174,9.978174,9.678174,9.378174,9.068173,8.728174,8.328174,7.8681736,7.398174,7.0181737,6.668174,6.428174,6.3081737,6.2481737,6.128174,5.908174,5.6181736,5.338174,4.928174,4.5181737,4.158174,3.7281737,3.258174,2.768174,2.2481737,1.7181739,1.1681738,0.61817384,0.12817383,-0.31182617,-0.64182615,-0.8618262,-1.1018262,-1.4718262,-1.9018261,-2.3118262,-2.701826,-2.981826,-3.2718263,-3.6518261,-3.981826,-4.1918263,-4.341826,-4.5018263,-4.6718264,-4.841826,-5.0418262,-5.141826,-5.2918262,-5.1918263,-5.1718264,-5.221826,-5.301826,-5.241826,-5.091826,-5.141826,-5.091826,-5.4018264
11.548174,11.368174,11.1981735,10.998174,10.818173,10.608173,10.398174,10.108173,9.758174,9.418174,9.038174,8.598174,8.118174,7.738174,7.4781737,7.3081737,7.2281737,7.198174,7.0981736,6.918174,6.698174,6.358174,6.0181737,5.658174,5.008174,4.358174,3.6581738,2.8881738,1.9881738,1.1381738,0.42817384,-0.15182617,-0.5918262,-0.95182616,-1.3218262,-1.8418262,-2.4218261,-2.8518262,-3.241826,-3.701826,-4.161826,-4.4818263,-4.7918262,-5.0418262,-5.1718264,-5.351826,-5.5218263,-5.591826,-5.581826,-5.531826,-5.831826,-6.011826,-6.031826,-6.0218263,-5.811826,-5.811826,-5.861826,-6.031826
13.598174,13.778173,13.818173,13.558174,13.128174,12.538174,11.9481735,11.438174,11.068173,10.7381735,10.428174,10.188174,10.028173,9.808174,9.458174,9.008174,8.618174,8.218174,8.028173,7.908174,7.838174,7.7081738,7.5581737,7.3681736,7.0581737,6.738174,6.1181736,5.298174,4.4981737,3.6281738,2.538174,1.7081739,0.9081738,0.30817384,0.08817383,-0.061826173,-0.63182616,-1.3718262,-1.9818262,-2.3918262,-2.731826,-3.1618261,-3.5818262,-3.9218261,-4.281826,-4.601826,-4.821826,-5.121826,-5.321826,-5.361826,-5.4018264,-5.611826,-5.701826,-5.7318263,-6.0018263,-6.1918263,-6.321826,-6.4018264
12.378174,12.4481735,12.418174,12.408174,12.428174,12.4881735,12.658174,12.828174,12.798174,12.478174,11.9881735,11.518174,11.088174,10.558174,10.118174,9.918174,9.748174,9.4881735,9.268174,9.148174,9.098174,8.958174,8.748174,8.558174,8.4881735,8.328174,8.158174,7.8681736,7.508174,6.718174,5.8481736,4.718174,3.6281738,2.9581738,2.2181737,2.0981739,1.8081738,0.86817384,0.25817382,-0.23182617,-0.77182615,-1.1718261,-1.6618261,-2.1418262,-2.8318262,-3.3218262,-3.7718263,-4.011826,-4.2918262,-4.641826,-4.9618263,-5.0018263,-5.121826,-5.111826,-5.161826,-5.2718263,-5.111826,-5.241826
11.968174,12.128174,12.278173,12.378174,12.348174,12.278173,12.298174,12.318173,12.328174,12.338174,12.398174,12.548174,12.588174,12.328174,12.028173,11.548174,10.968174,10.628174,10.268174,9.938174,9.808174,9.648174,9.528173,9.4481735,9.398174,9.328174,9.138174,8.898174,8.718174,8.628174,8.438174,8.218174,7.238174,5.968174,4.988174,4.128174,3.6281738,3.1881738,2.538174,1.5381738,1.2581738,0.86817384,0.23817383,-0.13182618,-0.6018262,-0.9818262,-1.1218262,-1.5018262,-1.7918261,-2.0318263,-2.5518262,-3.1118262,-3.4118261,-3.721826,-3.941826,-3.931826,-3.9118261,-3.8918262
10.718174,11.378174,11.908174,12.358173,12.638174,12.708174,12.728174,12.678174,12.578174,12.458174,12.338174,12.1981735,12.098174,12.178174,12.348174,12.398174,12.438174,12.248174,11.958174,11.778173,11.548174,11.348174,11.1981735,10.7381735,10.048174,9.588174,9.428174,9.338174,9.378174,9.648174,9.638174,9.398174,9.138174,8.668174,8.128174,7.4581738,6.2681737,5.4981737,4.9781737,4.238174,3.8781738,3.2281737,2.1881738,1.5081738,1.0681739,0.54817384,0.07817383,-0.31182617,-0.47182617,-0.8618262,-1.4518262,-1.6418262,-1.7318262,-1.8718262,-2.201826,-2.3718262,-2.3518262,-2.491826
7.8481736,8.388174,8.888174,9.468174,9.918174,10.258174,10.608173,11.058174,11.538174,12.028173,12.348174,12.4481735,12.268174,12.308174,12.228174,12.158174,12.018174,11.958174,11.998174,12.118174,12.278173,12.308174,12.178174,12.068173,12.148174,12.078174,11.9481735,11.808174,11.008174,10.1981735,10.248174,10.468174,10.6981735,10.338174,9.878174,9.778173,9.248174,8.518174,7.7481737,6.938174,6.188174,5.798174,5.408174,5.1181736,4.4981737,3.7481737,2.6981738,2.2381737,1.3581738,0.55817384,0.15817383,-0.19182616,-0.18182617,-0.13182618,0.018173829,0.21817383,0.09817383,-0.46182618
7.168174,7.398174,7.5781736,7.608174,7.798174,8.098174,8.728174,9.418174,10.028173,10.098174,10.348174,10.518174,10.898174,11.1981735,11.348174,11.668174,11.538174,11.658174,11.6981735,11.768174,11.648174,11.718174,11.768174,12.098174,12.278173,12.608173,12.458174,12.658174,12.658174,12.408174,12.298174,12.048174,11.718174,11.538174,11.1981735,11.378174,11.178174,10.478174,10.388174,10.218174,9.498174,8.578174,7.7081738,6.928174,6.3481736,5.858174,5.4781737,4.908174,4.028174,3.9581738,3.9281738,3.4981737,3.018174,2.4681737,2.1981738,2.1581738,1.9281738,1.8581738
7.0781736,8.338174,7.968174,7.2481737,7.158174,7.358174,7.568174,7.508174,7.588174,8.178174,8.598174,8.9881735,9.768174,10.378174,10.518174,10.808174,10.9881735,10.928174,10.778173,10.788174,10.918174,10.718174,10.758174,10.758174,11.058174,11.1981735,11.258174,11.428174,11.838174,12.828174,12.908174,12.588174,12.298174,12.128174,12.178174,11.648174,11.768174,12.098174,12.248174,11.688174,11.428174,10.658174,9.848174,9.068173,8.158174,8.118174,7.648174,6.528174,6.668174,7.0381737,6.3281736,5.5181737,5.418174,5.338174,5.198174,5.0581737,4.688174,4.158174
7.718174,6.838174,6.048174,7.3081737,8.428174,7.4781737,6.4781737,5.7681737,5.608174,5.948174,6.8081737,7.3481736,7.9581738,8.538174,8.808174,9.058174,8.878174,9.148174,9.688174,9.598174,9.538174,9.598174,9.758174,9.768174,9.928174,10.118174,10.208174,10.078174,10.168174,10.128174,10.678174,10.828174,11.478174,11.508174,11.528173,10.878174,11.088174,10.998174,11.058174,10.818173,10.918174,10.438174,10.048174,10.118174,10.058174,9.758174,9.078174,8.538174,8.108173,7.448174,7.258174,7.2281737,7.238174,6.888174,6.428174,6.388174,6.448174,6.2281737
5.5781736,7.3681736,6.888174,6.778174,6.628174,7.0581737,7.408174,6.648174,5.898174,5.198174,4.758174,4.908174,5.5181737,6.608174,6.638174,7.918174,8.418174,8.068173,8.028173,8.038174,8.228174,8.898174,9.078174,8.7381735,7.588174,8.118174,8.268174,8.508174,8.838174,9.098174,9.6981735,9.378174,8.718174,9.098174,9.758174,9.7381735,9.938174,11.708174,11.008174,10.188174,9.758174,9.728174,10.298174,9.258174,8.7381735,8.308174,7.888174,6.888174,6.5781736,6.048174,5.508174,5.298174,6.008174,5.9981737,5.7481737,5.628174,5.668174,5.7881737
5.548174,5.838174,5.5381737,4.0181737,3.9581738,4.648174,5.0581737,5.088174,6.2281737,7.048174,7.428174,6.818174,5.8681736,4.858174,5.0381737,5.658174,5.5781736,5.548174,5.5981736,4.658174,6.0581737,6.838174,6.698174,7.0981736,7.068174,7.0781736,7.3681736,7.278174,7.948174,8.248174,7.7281737,7.688174,7.158174,8.088174,10.088174,9.208174,8.928174,8.218174,7.488174,7.698174,8.078174,8.728174,7.218174,6.738174,7.0981736,7.488174,6.8481736,6.7281737,6.5781736,6.388174,5.968174,5.188174,4.718174,4.528174,4.278174,3.9881737,3.9081738,3.9481738
6.438174,5.2881737,4.2081738,3.4581738,3.9381738,3.7281737,3.6781738,3.6081738,4.0981736,3.8381739,3.3881738,3.6381738,4.108174,4.108174,3.7281737,3.8481739,4.2481737,4.8681736,4.658174,3.9981737,5.5781736,5.3081737,5.8081737,5.7881737,6.738174,6.8481736,6.608174,6.7681737,7.0981736,7.178174,6.238174,5.5781736,5.9981737,7.378174,6.008174,6.278174,5.7681737,5.3281736,5.838174,6.148174,6.068174,5.5781736,5.988174,5.588174,5.5781736,4.778174,4.798174,4.3481736,3.6081738,3.508174,3.2281737,2.9481738,2.8481739,2.4681737,2.288174,2.048174,1.7681738,1.8481739
6.688174,5.678174,4.8481736,5.2881737,4.908174,4.0981736,3.3281739,2.7181737,2.6381738,2.568174,2.528174,2.7281737,2.308174,1.8981738,2.008174,2.3381739,2.7381737,2.9081738,3.258174,3.768174,4.638174,5.888174,5.628174,5.408174,5.398174,5.628174,5.428174,5.3281736,5.548174,5.338174,5.178174,5.5581737,5.918174,5.758174,4.548174,4.448174,4.068174,4.168174,4.068174,3.568174,3.3881738,2.308174,2.6581738,2.308174,1.3381739,2.1481738,1.8381739,1.0581738,1.1581738,0.8381738,0.22817382,-0.111826174,-0.15182617,-0.47182617,-0.34182617,-0.41182616,-0.26182616,-0.37182617
5.128174,3.9381738,3.018174,2.9581738,2.5981739,2.1981738,2.318174,2.2281737,2.1181738,2.3881738,2.4881737,2.318174,2.3681738,2.4581738,2.4681737,2.4481738,2.568174,2.808174,3.018174,3.808174,3.7281737,4.238174,4.698174,4.408174,4.718174,4.108174,3.1981738,3.7281737,3.768174,3.6781738,3.788174,3.9981737,3.308174,1.8681738,1.3981738,2.0781739,1.8481739,2.018174,0.7681738,-0.041826174,-0.16182618,-0.42182618,-0.9718262,-1.1318262,-1.4818262,-2.6018262,-2.471826,-2.2618263,-2.2618263,-2.741826,-3.1518261,-3.3218262,-3.5718262,-3.431826,-2.7618263,-3.0118263,-2.2818263,1.5381738
1.6181738,1.4181738,1.3581738,1.3481739,1.4281738,1.0181738,0.86817384,1.1281738,1.8781738,1.7681738,0.99817383,1.0981739,0.86817384,0.54817384,0.55817384,0.6481738,0.9081738,0.91817385,1.0181738,1.6481738,2.058174,2.258174,2.3881738,2.258174,1.8781738,1.6781738,1.8081738,1.6581738,1.6281738,1.4781739,1.0081738,0.17817383,-0.15182617,0.45817384,-0.31182617,-0.58182615,-0.83182615,-2.1618261,-2.2718263,-2.181826,-3.1418262,-3.7918262,-4.4818263,-5.301826,-5.491826,-6.101826,-6.101826,-6.7718263,-6.9418263,-7.061826,-7.701826,-7.681826,-7.201826,-7.0418262,-1.3618262,3.9581738,6.168174,6.488174
-1.5418261,-1.5518261,-1.7718261,-1.9918262,-1.4918262,-1.2918261,-1.3118262,-1.0118262,-0.21182618,0.24817383,0.47817382,0.8981738,0.9581738,0.86817384,1.1581738,1.0981739,0.92817384,0.8881738,0.53817385,-0.10182617,-0.43182617,-0.41182616,0.008173828,0.15817383,0.018173829,-0.061826173,-0.09182617,-0.30182618,-0.69182616,-1.1718261,-1.4718262,-1.3618262,-2.1018262,-2.3518262,-2.8318262,-3.3618262,-3.5318263,-4.111826,-4.6918263,-5.451826,-6.061826,-6.4018264,-6.641826,-7.451826,-7.581826,-8.561826,-9.771826,-10.581826,-11.581826,-11.821826,-12.371826,-7.2518263,-1.0218261,1.9581739,3.2481737,3.1981738,3.0881739,3.008174
-4.8818264,-4.9618263,-5.1718264,-4.911826,-4.5218263,-3.7518263,-3.5318263,-2.5318263,-1.5618262,-1.0318261,-0.041826174,0.5681738,0.91817385,1.2881738,1.2781738,1.2481738,1.5581738,1.6581738,1.4181738,0.7681738,-0.031826172,-0.83182615,-1.2518262,-1.7918261,-2.0418262,-2.0618262,-2.191826,-2.431826,-2.4218261,-2.5518262,-3.2818263,-3.7718263,-4.221826,-4.8818264,-4.811826,-5.4618263,-6.0418262,-6.7118263,-6.8818264,-5.9018264,-5.9218264,-6.821826,-7.341826,-8.581826,-9.821826,-11.981826,-12.971827,-14.071826,-15.111826,-9.491826,-4.7118263,-1.4818262,-0.45182618,0.008173828,0.17817383,-0.6118262,-1.8418262,-1.9018261
-6.351826,-6.301826,-6.1718264,-5.0018263,-4.561826,-3.5818262,-2.3318262,-1.1718261,-0.57182616,0.32817382,0.66817385,0.80817384,1.0881739,1.1581738,1.1781738,1.0781739,0.8181738,0.35817382,-0.041826174,-0.09182617,-0.19182616,-0.57182616,-0.96182615,-1.3218262,-1.5618262,-1.9618262,-2.5318263,-2.9118261,-3.4018261,-3.8718262,-4.431826,-4.6518264,-4.811826,-5.7918262,-6.261826,-6.341826,-6.221826,-5.801826,-6.5418262,-6.831826,-7.7118263,-8.491826,-9.0118265,-9.841826,-12.111826,-13.871826,-15.421826,-14.2618265,-9.951826,-5.471826,-3.6218262,-3.481826,-3.681826,-4.491826,-4.551826,-5.011826,-5.831826,-5.0018263
