public/json/wind_10m.json
{"header": { "discipline":0, "disciplineName":"Meteorological products", "gribEdition":2, "gribLength":77776, "center":7, "centerName":"US National Weather Service - NCEP(WMC)", "subcenter":0, "refTime":"2020-01-19T00:00:00.000Z", "significanceOfRT":1, "significanceOfRTName":"Start of forecast", "productStatus":0, "productStatusName":"Operational products", "productType":1, "productTypeName":"Forecast products", "productDefinitionTemplate":0, "productDefinitionTemplateName":"Analysis/forecast at horizontal level/layer at a point in time", "parameterCategory":2, "parameterCategoryName":"Momentum", "parameterNumber":2, "parameterNumberName":"U-component_of_wind", "parameterUnit":"m.s-1", "genProcessType":2, "genProcessTypeName":"Forecast", "forecastTime":0, "surface1Type":103, "surface1TypeName":"Specified height level above ground", "surface1Value":10.0, "surface2Type":255, "surface2TypeName":"Missing", "surface2Value":0.0, "gridDefinitionTemplate":0, "gridDefinitionTemplateName":"Latitude_Longitude", "numberPoints":65160, "shape":6, "shapeName":"Earth spherical with radius of 6,371,229.0 m", "gridUnits":"degrees", "resolution":48, "winds":"true", "scanMode":0, "nx":360, "ny":181, "basicAngle":0, "lo1":0.0, "la1":90.0, "lo2":359.0, "la2":-90.0, "dx":1.0, "dy":1.0 }, "data":
[rows 50 to 74 of 181, columns 290 to 347 of 360]
0.13762939,-0.6623706,2.2976294,2.2576294,4.5576296,4.1076293,5.747629,6.227629,6.0276294,5.8776293,6.4176292,6.2876296,6.4076295,6.957629,6.7576294,5.3476295,5.747629,5.5576296,5.8576293,4.7576294,4.2676296,4.1376295,4.5076294,4.707629,4.1776295,5.4476295,5.3976293,4.0076294,1.2576294,-0.4523706,2.0076294,3.7376294,3.6076293,-0.7823706,-2.4723706,-1.8323706,-0.8423706,-1.6323706,-1.5323706,-2.0223706,-1.9323707,-1.5723706,-1.7323706,-1.4123706,-1.5823706,-1.6923707,-0.9423706,-0.4923706,-2.2523706,-6.292371,-5.4023705,-5.4223704,-3.4223707,-2.8523705,-1.8123707,0.6376294,1.2476294,2.3576293
0.42762938,3.2376294,4.7176294,3.1076293,4.4176292,4.207629,4.9176292,5.2776294,5.2376294,5.5876293,5.9276295,5.6776295,5.727629,6.4276295,5.7876296,5.7876296,4.977629,5.7576294,5.247629,5.3376293,4.7976294,4.7576294,4.1976295,4.6576295,4.477629,3.3376293,5.3976293,1.5376294,-2.8923707,4.6276293,0.047629394,4.5176296,7.7176294,-1.1123706,-2.1823707,-1.6923707,-1.7023706,-2.3023705,-1.8823706,-2.3723707,-2.8223705,-2.0223706,-3.2323706,-2.3123705,-2.3723707,-2.0323706,-0.9523706,0.2776294,0.2276294,-1.0023706,-5.4723706,-5.6423707,-4.6123705,-3.4323707,-2.4723706,-0.7723706,1.2076294,1.9176294
3.4576294,4.5576296,5.6476293,3.3376293,4.3076296,3.9676294,3.6176293,5.1476293,5.1476293,5.3776293,5.1176295,4.8276296,5.207629,5.4476295,5.7876296,6.0276294,5.5876293,5.2776294,5.437629,6.0976295,7.687629,7.6576295,8.077629,6.5876293,4.8576293,2.3476293,4.8176293,6.0276294,4.1276293,4.5776296,-0.4423706,8.297629,3.5576293,-1.9523706,-2.8123705,-2.1223707,-2.6923707,-2.9023707,-2.4123707,-2.7523706,-3.4123707,-2.8423705,-2.7023706,-3.5723705,-3.6723707,-2.7223706,-2.4823706,-1.3923706,-0.5623706,-0.17237061,-0.8623706,-4.292371,-4.7823706,-3.8423705,-3.0623705,-0.4223706,0.3876294,1.0976294
4.727629,5.7776294,6.4676294,5.437629,3.0776293,3.4476295,4.2776294,4.7176294,5.2176294,5.6976295,5.207629,4.9276295,5.5276294,5.5776296,5.4076295,6.2376294,6.0176296,5.1476293,5.4076295,7.5676293,8.697629,8.27763,8.10763,7.1276293,6.7976294,2.5176294,4.9076295,8.60763,6.707629,0.6176294,3.7076294,7.0476294,0.24762939,-2.2823706,-2.9323707,-2.4323707,-2.5123706,-2.9723706,-2.2823706,-2.0123706,-2.9723706,-1.9723706,-2.4223707,-1.2923706,-1.6623706,-1.7123706,-1.5323706,-0.6023706,0.0976294,0.2976294,0.2276294,0.3176294,1.9376293,-2.2923706,-2.3123705,-2.1023705,0.16762939,1.7876294
3.8676293,5.4176292,5.6476293,5.0876293,3.9376295,4.5776296,4.457629,4.2876296,4.7176294,4.8376293,5.1776295,5.247629,5.1676292,6.1276293,5.5776296,6.1276293,7.1076293,6.9876294,7.2376294,7.457629,8.507629,8.077629,7.9076295,6.6376295,4.7676296,5.3976293,6.2776294,9.237629,7.6576295,0.047629394,10.617629,1.2076294,-0.17237061,-1.9923706,-2.4623706,-2.2623706,-2.5423706,-2.7223706,-1.9423707,-2.1923707,-1.9623706,-1.0823706,-1.5923706,-2.2023706,-2.4123707,-2.6423707,-2.5023706,-1.9523706,-1.5723706,-0.9523706,-0.19237061,-0.052370604,0.047629394,0.8576294,0.8176294,0.9876294,0.6576294,0.7776294
4.0976295,2.8976295,2.7176294,3.6676295,3.9076295,3.7776294,3.9276295,3.4176295,4.2676296,4.6076293,5.6476293,5.0576296,5.5776296,5.9176292,6.4476295,5.5576296,7.3476295,8.667629,8.327629,7.687629,7.9876294,7.3176293,5.8676295,7.8376293,6.1276293,6.3576293,9.257629,9.177629,7.1276293,3.8576293,6.9176292,0.6976294,-0.7223706,-2.0923705,-2.3223705,-2.8423705,-2.5323706,-2.5923705,-1.1223706,-2.2723706,-2.4023707,-1.5423706,-1.9723706,-2.5523705,-3.1023705,-3.1923707,-3.3523705,-3.1623707,-3.3523705,-3.1723707,-2.8323705,-2.1423707,-1.7123706,-1.6523706,0.26762938,1.3476294,1.7976294,3.4576294
2.0176294,1.3576294,1.9476295,1.2576294,2.5176294,3.1076293,2.9576294,2.2276294,3.5676293,4.3576293,3.9176295,4.6576295,4.8876295,5.5476294,6.5976295,6.1576295,7.2176294,8.47763,8.59763,9.117629,8.447629,8.43763,6.8676295,7.0476294,8.77763,10.76763,9.907629,10.877629,8.247629,5.6276293,10.677629,1.1676294,-0.9223706,-1.7723706,-2.3023705,-2.3423705,-3.2323706,-2.2423706,-0.7723706,-1.2323706,-0.9823706,-2.3023705,-2.1923707,-3.5223706,-4.002371,-4.2223706,-4.6723704,-4.1423707,-4.6023707,-4.4423704,-4.5923705,-4.3623705,-4.1623707,-3.5623705,-2.5023706,-1.3223706,-0.2023706,1.0276294
0.39762938,-0.4423706,-0.4423706,-0.12237061,1.1576294,0.48762938,1.8876294,1.7676294,1.8876294,3.5076294,3.3676293,3.8876295,3.8676293,5.0076294,5.5176296,6.5276294,7.957629,8.367629,9.14763,8.76763,9.587629,8.97763,7.9876294,9.85763,10.457629,10.657629,10.657629,7.1176295,10.127629,11.717629,2.6876295,0.0676294,-1.0723706,-1.3423706,-2.2723706,-2.3323705,-3.0523705,-2.6923707,-2.4723706,-2.2623706,-2.5723705,-3.0023706,-3.2723706,-4.1823707,-4.9923706,-5.3523707,-5.6223707,-5.4423704,-5.6223707,-5.4223704,-5.6923704,-5.522371,-6.002371,-5.792371,-4.4123707,-3.9123707,-2.8623705,-1.8423706
-1.3623706,-1.7523706,-1.9823706,-1.6623706,-0.96237063,-1.1423706,-0.102370605,0.3276294,1.2276294,2.4576294,0.6476294,2.4376295,3.5976293,4.0076294,4.5976295,5.6976295,7.2376294,7.9476295,8.927629,9.087629,9.47763,10.587629,10.22763,10.84763,10.967629,11.087629,10.72763,8.56763,11.287629,9.657629,2.2876294,0.3576294,-0.7623706,-1.5923706,-2.4423707,-1.9423707,-3.5123706,-3.3323705,-2.7123706,-3.4123707,-4.2823706,-4.4523706,-5.4023705,-5.562371,-6.1623707,-6.3223705,-6.5823708,-6.5123706,-6.6923704,-6.792371,-6.3723707,-6.0823708,-5.6623707,-5.752371,-5.0523705,-5.2823706,-4.8223705,-3.9523706
-3.3523705,-3.7423706,-3.6423707,-3.7723706,-3.1823707,-2.7623706,-2.2523706,-1.2823706,-0.26237062,0.5076294,0.7476294,0.9476294,3.1676295,3.5176294,4.3376293,5.747629,6.8576293,8.167629,8.55763,9.237629,10.39763,10.85763,10.81763,11.667629,12.577629,12.337629,10.56763,9.757629,13.84763,10.827629,2.0476294,0.6876294,-0.5923706,-2.1323707,-2.0423706,-4.002371,-4.3623705,-2.5823705,-4.062371,-4.4723706,-5.1423707,-6.272371,-6.4523706,-6.8023705,-6.9923706,-6.7123704,-7.2123704,-7.4123707,-7.3223705,-7.3323708,-7.062371,-7.0723705,-6.7423706,-6.4923706,-5.9023705,-5.3223705,-4.8323708,-4.1623707
-5.3323708,-5.1823707,-5.252371,-4.9323707,-5.062371,-4.4823704,-3.8023705,-2.4123707,-1.0723706,-2.4523706,-0.4123706,0.2976294,1.2176294,1.9876294,4.3076296,4.7676296,6.1376295,8.22763,9.367629,9.707629,10.72763,11.59763,12.467629,13.02763,14.60763,13.537629,11.327629,14.1376295,11.09763,4.5876293,2.0176294,1.6176294,-0.4723706,-1.4823706,-2.0123706,-3.4923706,-3.0723705,-2.8223705,-4.1523705,-4.9823704,-6.312371,-6.6423707,-6.8323708,-7.1623707,-7.2423706,-7.3623705,-7.542371,-7.8623705,-7.7123704,-7.8223705,-8.02237,-8.19237,-8.162371,-7.4323707,-6.9023705,-6.0723705,-5.3623705,-4.5523705
-6.6523705,-6.4623704,-6.1523705,-5.9423704,-7.042371,-5.9723706,-4.3323708,-4.3923707,-3.8023705,-3.8423705,-0.6923706,0.047629394,0.5076294,1.2976294,2.0776293,4.5676293,5.9176292,6.7176294,8.087629,10.06763,11.52763,12.247629,13.97763,14.877629,15.757629,15.35763,13.34763,13.957629,13.59763,4.3176293,3.3876295,1.7776294,-0.3823706,-1.7823706,-3.1023705,-4.062371,-3.3723707,-3.4423707,-4.9523706,-5.502371,-6.7823706,-7.0323706,-7.0823708,-7.2123704,-7.292371,-7.5723705,-7.3723707,-8.172371,-8.662371,-8.072371,-8.18237,-8.792371,-10.10237,-9.18237,-7.9323707,-6.252371,-5.8823705,-4.6123705
-7.8523707,-7.6623707,-7.4323707,-7.772371,-7.9523706,-7.3823705,-6.8023705,-5.6623707,-5.562371,-4.3423705,-3.4523706,-3.0723705,-1.4423707,-0.12237061,0.8076294,3.0076294,4.8976293,6.3376293,7.477629,9.487629,11.667629,13.007629,14.837629,14.867629,14.467629,13.72763,13.84763,12.81763,7.8976293,5.227629,4.5676293,1.5076294,-0.35237062,0.7276294,-3.5723705,-3.5523705,-3.6423707,-3.4623706,-5.3523707,-6.7223706,-7.0523705,-7.6623707,-7.062371,-7.1523705,-7.4923706,-8.40237,-8.592371,-9.492371,-9.48237,-8.342371,-6.272371,-5.9723706,-5.8023705,-0.012370605,-3.6723707,-4.752371,-6.8623705,-7.1523705
-8.73237,-9.162371,-8.35237,-8.752371,-9.012371,-8.93237,-7.8623705,-7.3023705,-6.4523706,-6.062371,-5.022371,-4.3023705,-2.4623706,-1.2423706,0.5876294,1.6276294,3.5576293,5.207629,7.457629,8.757629,10.59763,12.68763,13.68763,12.947629,13.987629,12.06763,11.047629,13.677629,7.977629,5.7176294,4.5576296,1.3076293,-0.4023706,-2.5523705,-3.6223707,-2.4723706,-3.8423705,-4.3223705,-5.8423705,-6.7423706,-7.2223706,-7.7223706,-7.7623706,-7.8423705,-8.292371,-8.912371,-9.792371,-9.752371,-9.65237,-9.752371,-9.23237,-9.912371,-9.332371,-8.242371,-8.93237,-8.39237,-9.27237,-4.7423706
-9.332371,-9.31237,-9.632371,-9.882371,-9.592371,-9.93237,-9.35237,-8.6123705,-7.6023707,-6.9623704,-5.8823705,-5.292371,-4.3023705,-2.9023707,-1.2723706,0.2576294,1.8476294,3.6976295,6.207629,7.8976293,9.22763,10.6376295,11.01763,12.257629,10.01763,8.84763,11.947629,9.757629,6.5876293,3.7376294,3.6076293,2.4076295,-1.2723706,-2.4023707,-3.1623707,-2.9923706,-4.9123707,-4.8923707,-5.8823705,-6.9923706,-7.5923705,-7.2223706,-7.9323707,-8.462371,-9.06237,-9.162371,-10.042371,-9.3623705,-9.23237,-9.632371,-10.44237,-9.672371,-9.922371,-9.60237,-8.98237,-8.27237,-3.9323707,-5.3323708
-9.622371,-9.532371,-10.342371,-10.382371,-10.512371,-10.462371,-10.1123705,-9.332371,-8.792371,-8.10237,-7.1423707,-6.2223706,-5.002371,-4.2623706,-2.1223707,-0.7723706,1.1876293,2.3976295,4.437629,6.0676293,7.6776295,9.167629,10.127629,8.3876295,7.5576296,12.18763,9.717629,7.1476293,3.7476294,1.7876294,2.4676294,0.2776294,-3.1223707,-3.1023705,-3.4523706,-4.3823705,-5.2423706,-5.6323705,-6.502371,-7.4123707,-7.1723704,-7.272371,-7.6223707,-8.842371,-9.14237,-8.81237,-9.512371,-9.89237,-9.302371,-8.962371,-9.72237,-11.412371,-10.092371,-9.6123705,-8.082371,-4.3523707,-5.8423705,-5.8323708
-9.3623705,-9.72237,-10.492371,-10.31237,-10.822371,-10.542371,-10.072371,-9.952371,-9.3623705,-8.292371,-7.6423707,-6.062371,-5.2223706,-4.522371,-3.1823707,-1.9223706,-0.1523706,1.0576293,3.0676293,4.8276296,5.6376295,6.6076293,5.477629,4.707629,11.01763,9.377629,6.6676292,4.997629,3.0376294,1.7776294,2.0576293,-0.7323706,-3.0923705,-3.2623706,-3.6223707,-5.2823706,-6.3723707,-5.3423705,-6.4523706,-7.2223706,-6.4523706,-6.6323705,-7.6023707,-8.56237,-8.632371,-8.6123705,-8.52237,-9.06237,-8.962371,-9.302371,-7.4723706,-10.082371,-9.672371,-8.072371,-7.6523705,-5.7423706,-5.4523706,-4.3223705
-10.43237,-10.31237,-9.65237,-9.81237,-10.462371,-9.89237,-10.73237,-9.68237,-8.3623705,-8.69237,-7.8923707,-6.4723706,-5.5523705,-5.042371,-3.6423707,-2.3023705,-1.1323706,-0.022370605,0.8576294,2.3876295,2.8776293,2.7376294,2.8376293,8.697629,8.447629,5.8376293,6.1176295,2.7476294,1.8176293,0.3276294,-0.4023706,-1.9323707,-3.0223706,-3.5923705,-3.9423707,-5.6423707,-6.9323707,-6.062371,-6.5523705,-6.5123706,-6.4623704,-6.752371,-7.4423704,-8.3623705,-8.242371,-8.452371,-8.212371,-8.65237,-8.252371,-8.072371,-8.632371,-7.792371,-7.3223705,-7.9323707,-7.0123706,-5.8223705,-5.6023707,-4.8023705
-10.60237,-10.47237,-10.35237,-10.23237,-10.502371,-9.492371,-9.132371,-9.332371,-8.64237,-7.8423705,-7.3023705,-5.9123707,-5.1623707,-4.0823708,-3.9023707,-3.4923706,-2.6123705,-1.5423706,-0.4323706,0.8776294,-0.7523706,6.5876293,6.4076295,5.7976294,5.6776295,5.6076293,4.1676292,2.5676293,0.4676294,1.2676294,-2.5123706,-2.7723706,-2.9823706,-3.8623705,-4.7223706,-5.8623705,-7.0823708,-6.4223704,-6.7023706,-6.6823707,-6.2423706,-6.5823708,-7.2823706,-7.7823706,-7.6623707,-8.292371,-7.8223705,-8.23237,-6.6223707,-7.2223706,-8.002371,-7.6023707,-5.1823707,-6.3623705,-7.002371,-6.6623707,-5.4023705,-6.7623706
-11.002371,-10.592371,-10.752371,-10.39237,-9.712371,-9.292371,-8.912371,-8.252371,-8.002371,-7.4123707,-6.7823706,-5.8523707,-5.2823706,-4.6023707,-3.6823707,-3.3923707,-2.5523705,-2.5023706,0.6076294,3.7776294,3.9576294,4.3776293,5.0976295,4.2676296,3.7476294,3.7476294,2.0776293,0.7476294,0.5476294,-2.1623707,-2.4523706,-2.6323707,-3.3723707,-4.3523707,-4.4223704,-5.8923707,-6.6123705,-6.8323708,-6.8323708,-6.3423705,-6.0523705,-6.2223706,-6.8623705,-7.2323704,-7.6523705,-7.792371,-7.8423705,-7.1023707,-5.4623704,-9.202371,-7.792371,-4.9323707,-4.4723706,-7.3523707,-7.002371,-7.4523706,-5.6323705,-8.06237
-11.712371,-11.132371,-11.262371,-10.752371,-10.012371,-9.73237,-8.882371,-8.422371,-7.9323707,-7.4823704,-7.0323706,-6.4523706,-5.9323707,-5.4523706,-5.0323706,-5.2323704,1.0176294,1.3076293,1.5876294,1.7376294,1.6776294,1.8776294,1.3176293,1.2276294,0.6476294,0.5776294,0.7476294,-0.9823706,-2.0723705,-3.2423706,-3.3123705,-3.3123705,-3.5223706,-4.2623706,-4.9223704,-5.5723705,-6.0923705,-6.752371,-6.7223706,-6.6723704,-5.7623706,-6.1323705,-6.6923704,-7.1723704,-7.6823707,-7.5323706,-7.6923704,-6.5323706,-4.0323706,-6.6823707,-8.202371,-2.8523705,-2.7023706,-6.4223704,-5.4723706,-6.1923704,-3.9823706,-9.202371
-1.1323706,-7.292371,-11.502371,-11.632371,-10.512371,-9.542371,-8.81237,-8.262371,-8.02237,-7.9523706,-7.522371,-6.3723707,-4.9323707,-2.9723706,-2.6523707,-1.2423706,-1.2123706,-0.4923706,-0.29237062,-0.6423706,0.0076293945,0.9476294,-0.9823706,-0.2123706,-1.6323706,-1.4123706,-0.32237062,-2.1823707,-3.5223706,-4.252371,-3.6623707,-4.1323705,-4.5923705,-4.812371,-5.3823705,-5.5523705,-6.042371,-6.5123706,-6.6823707,-6.8823705,-6.2423706,-6.0323706,-6.8523707,-7.1823707,-6.5323706,-7.1123705,-10.332371,-4.9823704,-3.1023705,-7.0723705,-5.7123704,-3.6223707,-2.7323706,-5.5323706,-5.6823707,-6.062371,-5.9123707,-6.1423707
-8.122371,-8.052371,-9.292371,-2.2823706,-3.3423705,-7.7623706,-6.8223705,-6.1523705,-6.062371,-5.8623705,-5.5523705,-5.272371,-5.1023707,-4.0323706,-3.9123707,-4.1323705,-3.6123705,-2.9323707,-2.8223705,-1.4123706,-1.2423706,-2.1523707,-1.1123706,-1.7323706,-2.2023706,-2.2923706,-1.8423706,-3.7823706,-4.3023705,-4.0823708,-4.562371,-4.8623705,-4.9623704,-5.1223707,-5.4023705,-5.562371,-6.3823705,-5.4423704,-6.272371,-6.2423706,-6.252371,-6.272371,-6.1923704,-6.3223705,-6.6823707,-5.562371,-6.4623704,-4.5723705,-5.792371,-6.4023705,-5.0323706,-2.8023705,-3.6223707,-6.002371,-6.5923705,-5.8423705,-5.252371,-5.2123704
-9.47237,-7.2623706,-9.242371,-9.56237,-9.56237,-7.9023705,-7.4223704,-7.7323704,-6.6723704,-6.6523705,-6.4923706,-6.1123705,-5.2223706,-4.3923707,-4.0923705,-4.252371,-4.1023707,-3.8123705,-2.0723705,-2.6523707,-2.6623707,-4.252371,-2.9323707,-3.2723706,-3.6923707,-3.5623705,-3.3023705,-4.3223705,-5.0923705,-5.292371,-5.5323706,-5.292371,-5.022371,-5.2123704,-5.4623704,-5.2323704,-6.2823706,-6.292371,-5.502371,-6.5923705,-5.6723704,-5.6823707,-4.9023705,-5.0323706,-5.2323704,-2.3723707,-3.5723705,-6.0723705,-4.7223706,-6.4123707,-3.9523706,-3.4723706,-4.6923704,-5.8023705,-3.8623705,-4.9623704,-5.4923706,-5.0123706
-11.81237,-10.752371,-10.002371,-9.532371,-9.44237,-8.552371,-8.802371,-8.44237,-5.4423704,-7.312371,-7.0523705,-6.4623704,-5.9023705,-5.3723707,-3.8323705,-4.562371,-4.2023706,-4.252371,-3.9223707,-2.6923707,-4.2623706,-4.4223704,-4.002371,-4.1423707,-3.9923706,-5.0823708,-4.062371,-5.0123706,-5.3723707,-5.6823707,-5.5823708,-5.7023706,-5.1923704,-5.5823708,-5.4723706,-5.5723705,-5.8923707,-6.0923705,-5.1323705,-5.3923707,-5.3223705,-5.1123705,-4.4823704,-3.5323706,-5.8623705,-5.3023705,-4.0723705,-5.2823706,-4.4923706,-5.1923704,-3.3223705,-2.9923706,-3.2523706,-6.022371,-4.2223706,-4.9723706,-4.4023705,-4.4523706
