public/json/wind_100m.json
{"header": { "discipline":0, "disciplineName":"Meteorological products", "gribEdition":2, "gribLength":79672, "center":7, "centerName":"US National Weather Service - NCEP(WMC)", "subcenter":0, "refTime":"2020-01-19T00:00:00.000Z", "significanceOfRT":1, "significanceOfRTName":"Start of forecast", "productStatus":0, "productStatusName":"Operational products", "productType":1, "productTypeName":"Forecast products", "productDefinitionTemplate":0, "productDefinitionTemplateName":"Analysis/forecast at horizontal level/layer at a point in time", "parameterCategory":2, "parameterCategoryName":"Momentum", "parameterNumber":2, "parameterNumberName":"U-component_of_wind", "parameterUnit":"m.s-1", "genProcessType":2, "genProcessTypeName":"Forecast", "forecastTime":0, "surface1Type":103, "surface1TypeName":"Specified height level above ground", "surface1Value":100.0, "surface2Type":255, "surface2TypeName":"Missing", "surface2Value":0.0, "gridDefinitionTemplate":0, "gridDefinitionTemplateName":"Latitude_Longitude", "numberPoints":65160, "shape":6, "shapeName":"Earth spherical with radius of 6,371,229.0 m", "gridUnits":"degrees", "resolution":48, "winds":"true", "scanMode":0, "nx":360, "ny":181, "basicAngle":0, "lo1":0.0, "la1":90.0, "lo2":359.0, "la2":-90.0, "dx":1.0, "dy":1.0 }, "data":
[rows 25 to 49 of 181, columns 58 to 115 of 360]
1.9340234,1.5640235,2.7940235,7.0340233,2.9140234,5.9940233,6.364023,5.7440233,5.3140235,6.0240235,6.9540234,6.7340236,5.9940233,4.8840237,4.4040236,4.9840236,4.8240232,3.7440233,3.6140234,2.7040234,2.2040234,2.4640234,2.3040235,2.2240233,2.1040235,1.8840234,2.1740234,2.4540234,3.5340235,2.6740234,2.2340233,4.2440233,5.1040235,4.9140234,8.384024,1.1040235,0.5240234,3.1140234,1.6440234,3.3440235,5.0740232,6.0540233,8.574023,8.394024,3.9240234,4.4940233,8.034023,3.9940233,8.674024,7.9240236,7.4340234,7.614023,6.364023,6.4140234,2.1240234,2.9940233,2.2440233,2.0040236
2.7740235,3.5440235,6.8540235,5.4840236,4.8240232,5.7640233,5.344023,4.6340237,3.1440234,3.8140235,3.7640235,3.7040234,2.5640235,1.8840234,1.9340234,1.4140234,0.35402343,-0.83597654,-2.2959766,-3.0459766,-4.1159763,-5.0159764,-5.0459766,-4.4359765,-3.2159765,-3.5059767,-3.1559765,-1.5159765,0.054023437,1.5240234,2.3440235,3.6040235,3.8540235,4.2340236,7.5140233,7.5340233,4.7140236,3.6640234,2.2540236,2.3340235,1.7440234,5.0740232,4.6640234,5.0340233,5.7940235,3.1940234,4.6040235,5.4340234,3.3940234,4.1740236,6.864023,7.4340234,7.0240235,7.3940234,5.5340233,5.4940233,5.2340236,3.4440234
2.3640234,2.7940235,7.9940233,7.7340236,4.7240233,4.4840236,3.5340235,2.9640234,3.8040235,4.4440236,3.1240234,2.6340234,2.2940235,1.6640234,1.1740234,1.5240234,2.9040234,2.9640234,2.6340234,-0.23597656,-1.4859766,1.0240234,1.3140235,1.6340234,1.8440235,2.6840234,3.6340234,4.2540236,4.9340234,4.6840234,3.5540235,3.3140235,3.8240235,4.5240235,5.8840237,8.984023,9.734023,6.5440235,5.9240236,7.8240232,6.0040236,4.8340235,3.3640234,4.0140233,4.0640235,3.7540236,3.7140234,8.5440235,8.574023,10.214024,9.134024,9.004024,8.574023,6.7940235,5.844023,5.0540233,4.9740233,4.5240235
1.5740235,1.7240235,6.2640233,7.4540234,4.9040236,4.7640233,4.5040236,3.9040234,4.4240236,5.4640236,4.3240232,3.2940235,2.6840234,4.5440235,4.7740235,5.094023,5.6440234,4.4440236,4.3840237,4.2240233,4.7340236,3.8840234,3.3340235,2.9540234,2.6440234,2.8340235,3.1240234,3.6040235,4.1840234,5.7140236,6.3840237,5.5340233,4.8740234,6.2940235,5.1640234,3.1640234,3.2440233,2.4040234,5.1340237,8.924024,6.4940233,6.594023,7.1540236,7.3040233,8.434024,8.144024,8.904023,8.884024,9.894024,9.694023,8.334023,9.134024,7.6240234,7.7140236,7.7340236,6.0040236,4.9940233,5.5740232
-0.6759766,1.5940235,4.8740234,5.2840233,3.9840233,4.7240233,4.7540236,3.8240235,3.9940233,4.0840235,4.3540235,5.0640235,4.6240234,5.7840233,6.344023,6.7440233,6.2140236,6.3840237,7.6340237,6.864023,5.1040235,4.1540236,3.8540235,4.2740235,4.1440234,4.3340235,4.4440236,3.5740235,4.1740236,4.0140233,4.2540236,4.1940236,3.4840233,7.4740233,8.184024,0.5140234,3.9840233,5.0840235,7.1440234,3.5640235,8.384024,7.7640233,8.904023,7.1240234,8.414023,8.174024,8.574023,8.994023,9.814023,9.574023,8.344024,9.004024,7.4040236,6.8040233,6.0040236,6.1340237,5.1540236,5.0840235
-1.5459765,2.2840235,6.1640234,2.3040235,3.8240235,4.5240235,5.6740236,6.2540236,6.7040234,7.2740235,6.4740233,6.2540236,6.0140233,6.7040234,6.3040233,6.7440233,7.1640234,7.2340236,6.8340235,6.4440236,5.9340234,5.0740232,4.6340237,4.2240233,4.4440236,4.0040236,2.9240234,3.2040234,2.5040236,3.8040235,3.9540234,3.8640234,1.2640234,-0.50597656,2.5240235,6.0040236,6.2140236,8.454023,3.7240233,4.8840237,6.0240235,8.324023,6.4440236,6.7940235,8.184024,8.0440235,8.614023,8.814023,9.224024,8.304024,7.5040236,7.8740234,7.5240235,5.9040236,4.9440236,4.5340233,5.2940235,1.5940235
-0.83597654,1.9840235,5.3040233,5.6640234,3.6640234,5.4440236,6.3340235,6.7440233,6.9740233,7.2640233,7.3840237,7.2940235,7.2840233,7.3140235,7.2340236,7.6940236,6.9640236,6.9440236,7.614023,7.5540233,7.6540236,6.6740236,6.1340237,5.6340237,3.6340234,1.5940235,1.3840234,1.3940234,1.4840235,1.5040234,1.0540234,2.1040235,2.6540234,2.6640234,-1.6059766,1.8640234,4.7140236,3.6340234,5.0240235,8.854023,9.164023,6.9740233,8.974024,8.094024,7.9340234,7.9840236,7.9340234,9.174024,9.464024,8.094024,7.7340236,7.2040234,7.0240235,5.7340236,5.1240234,-0.5959766,1.2140235,2.9040234
0.40402344,1.3440235,2.5640235,4.8240232,5.8940234,6.6540236,7.2440233,7.1540236,7.3040233,7.1540236,6.8540235,6.8140235,6.7340236,6.9940233,8.234023,7.2340236,6.9040236,8.334023,7.114023,6.8540235,7.1640234,7.1040235,6.5540233,4.3940234,1.8940234,1.6140234,0.09402344,0.31402344,-0.06597656,0.50402343,0.53402346,0.054023437,-0.075976565,1.5040234,3.1040235,2.7640235,3.6040235,3.1540234,7.6540236,8.524023,7.1240234,8.464024,7.7040234,8.844024,9.224024,8.854023,9.694023,9.504024,10.424024,10.2940235,8.954023,6.0540233,7.4040236,4.1540236,2.6940234,1.7940234,-1.0459765,-0.47597656
1.5140234,2.7540236,3.3640234,1.1640234,2.1540234,3.3440235,4.7340236,5.5840235,6.2440233,5.844023,5.9440236,6.2440233,6.6340237,6.0540233,6.1340237,7.0440235,7.6740236,7.5640235,7.4540234,7.5840235,7.5740232,7.0840235,5.0440235,3.1340234,0.84402347,0.34402344,0.7140234,0.6340234,1.0240234,-0.82597655,-1.0459765,-2.6559765,-3.0959766,-1.1659765,0.34402344,-1.2559766,4.9940233,5.3240232,3.5640235,5.4140234,6.3840237,6.344023,8.754024,8.884024,8.174024,8.944023,9.444023,9.864023,10.994023,11.994023,11.304024,3.1640234,7.7440233,4.3540235,-0.15597656,2.2640235,3.1140234,0.5840234
2.0740235,2.1840234,3.0740235,2.6840234,-1.0059766,-0.015976563,1.2940234,2.5740235,3.1040235,4.0040236,4.4040236,4.5840235,4.6440234,5.8840237,9.624023,10.424024,10.354023,10.104023,9.894024,9.424024,7.3340235,5.8340235,4.0140233,2.9640234,0.74402344,0.04402344,1.2840234,-1.0759766,1.4540235,3.8140235,-0.6059766,-3.1359766,-3.5759766,-2.9559765,-1.6359766,-0.70597655,2.8640234,4.2140236,4.3540235,6.8340235,6.6640234,7.4640236,6.3740234,7.7440233,9.034023,9.444023,8.494023,10.174024,7.2940235,13.694023,2.0140235,2.2840235,1.7140235,0.80402344,0.79402345,1.7140235,2.4240234,1.5340234
2.5640235,4.1040235,3.2740235,3.6540234,2.4240234,1.6840234,2.1040235,2.0840235,3.7040234,5.2040234,7.0840235,8.144024,9.214024,9.874023,10.124023,10.374023,11.334023,11.904023,10.884024,10.194023,8.874023,6.2940235,5.9140234,6.0440235,5.1940236,2.7640235,3.9440234,1.5540234,-1.4359765,-2.6659765,3.5840235,0.8340234,-1.9759766,-2.2659767,-1.7859765,-1.1059766,-1.1059766,0.22402343,-1.8459766,0.69402343,2.0840235,6.3540235,7.8940234,7.4840236,8.364023,9.134024,8.654023,9.244023,7.9740233,11.434024,3.3040235,4.7840233,0.97402346,0.68402344,3.3840234,1.3440235,2.1140234,0.11402344
3.5840235,3.4540234,3.9340234,4.3240232,3.8540235,4.0540233,4.344023,4.7840233,6.864023,7.4740233,8.724024,10.204023,11.024023,11.284023,11.574023,11.374023,11.574023,10.5440235,10.814023,10.414023,9.844024,9.384024,9.264024,8.354023,7.1640234,5.9440236,6.1040235,4.0740232,4.6240234,-1.9459766,-2.9759765,2.2240233,0.064023435,0.48402345,-4.1659765,-4.7659764,-4.3759766,-2.4659765,-0.7859766,3.7240233,0.68402344,1.4740235,6.8340235,8.894024,8.214024,8.424024,7.4540234,9.224024,7.614023,7.9840236,4.7740235,3.0240235,1.2240235,2.0140235,2.3040235,1.5340234,0.92402345,1.1340234
3.8540235,5.4240236,4.5740232,3.4040234,3.3040235,3.2840235,4.7840233,3.8440235,6.9240236,6.4440236,6.9140234,9.024023,8.604023,10.834023,10.664023,12.324023,11.234023,11.624023,11.584023,11.304024,11.164023,10.494023,9.904023,8.474024,8.724024,8.924024,6.1240234,1.4240234,-0.65597653,-2.4859765,-2.2659767,-1.5459765,0.08402344,-0.31597656,-0.62597656,-0.8459766,0.034023438,-2.1759765,-1.3859766,-1.4459766,0.86402345,2.8940234,2.5140235,1.5440234,4.9940233,7.1640234,5.4540234,9.324023,8.924024,6.4240236,8.654023,4.6040235,3.1640234,6.6940236,2.9940233,4.6540236,2.2540236,1.6240234
4.6340237,2.4740233,3.0540235,4.4840236,3.8540235,4.4940233,5.3140235,3.5440235,5.1540236,6.1640234,7.4840236,7.9640236,8.364023,9.734023,10.654023,11.024023,12.934024,12.774023,12.2940235,11.484023,11.324023,9.444023,7.3040233,6.7740235,9.084023,8.684024,-0.8459766,0.85402346,-0.18597656,-2.0059767,-1.8059765,-0.77597654,-1.2959765,-2.3459766,0.104023434,-1.7959765,-2.3259766,-2.9359765,1.3740234,-1.3959765,-0.7259766,1.9040234,3.2240233,2.4940233,2.6140234,-1.0459765,5.9240236,6.6340237,6.5640235,5.0540233,3.6140234,2.4440234,2.4440234,3.8440235,3.9640234,2.4240234,1.4240234,1.2640234
3.3840234,3.2540236,3.7540236,3.3140235,3.0740235,4.2040234,4.7340236,4.4640236,6.4440236,7.5040236,7.4740233,8.724024,7.8240232,7.5540233,7.844023,11.534023,10.224024,12.454023,13.284023,11.914023,10.444023,6.8840237,4.6540236,3.4240234,2.3840234,-1.0059766,1.2740234,-1.2959765,-0.075976565,-1.8659766,-3.2859766,-0.43597656,-0.38597655,-0.96597654,-3.3359766,1.2540234,-1.3559766,-1.5959766,-0.58597654,-2.0859766,-0.65597653,3.5040236,7.6740236,10.314023,3.4740233,0.8240234,1.4540235,3.1340234,2.6640234,1.6040235,2.6240234,1.6240234,5.3940234,4.5240235,5.2540236,5.4540234,1.5840235,0.064023435
0.16402344,0.98402345,2.4740233,2.8040235,3.7440233,4.0840235,4.4840236,4.4840236,4.4940233,6.5340233,7.7840233,6.6440234,6.7940235,6.3940234,6.7240233,7.844023,9.224024,11.164023,11.664023,11.524023,8.864023,7.4240236,4.6040235,0.99402344,-1.1359766,-4.2759767,-1.2359766,1.0040234,1.2840234,-2.0559766,2.5740235,-0.5359766,-0.90597653,1.9140234,0.67402345,0.034023438,-1.0959766,-5.7859764,-2.8359766,0.38402343,5.2540236,4.6440234,5.0540233,3.6640234,7.344023,2.5540235,5.2640233,3.1440234,1.8540235,1.5840235,1.9340234,1.7940234,2.9440234,3.5240235,2.1840234,0.68402344,1.7540234,-0.35597655
-3.2159765,-1.6459765,-1.3859766,-0.46597657,0.78402346,1.1840234,2.4140234,2.1440234,1.7540234,3.0840235,4.4340234,4.3540235,2.5940235,3.9340234,4.1440234,4.2140236,5.8140235,7.2040234,5.9940233,6.9340234,6.0640235,11.894024,3.1340234,-2.0459766,-5.7159767,0.31402344,-0.14597656,-1.2459766,-0.50597656,-0.9859766,1.7940234,2.4340234,3.6140234,0.73402345,0.23402344,-0.62597656,-3.5859766,-3.1259766,-0.34597656,-0.0059765624,3.9740233,8.354023,5.1340237,7.1340237,4.6540236,8.934024,6.0140233,4.4040236,0.014023437,1.9640235,2.3940234,4.364023,3.3140235,3.4740233,1.9340234,4.0440235,1.4840235,3.0740235
-3.0959766,-3.4759765,-3.5359766,-2.7259765,-2.2959766,-2.3559766,-1.8759766,-2.1059766,-1.8459766,-0.0059765624,0.22402343,0.38402343,0.33402345,-0.47597656,1.0340234,2.4640234,1.1240234,2.2040234,1.8940234,1.7540234,0.69402343,-0.90597653,5.4540234,0.0040234374,-0.56597656,-3.0259767,-10.845977,-13.535976,-13.045977,-3.6359766,-1.6159766,-0.74597657,1.3340235,3.1240234,0.08402344,-1.9759766,-2.8259766,-1.2359766,-2.2559767,-1.3459766,1.5940235,2.6140234,6.5840235,3.6840234,8.234023,8.844024,7.4340234,7.2940235,3.3940234,1.7340235,2.9140234,3.8240235,6.9140234,6.5540233,6.364023,6.0740232,4.4840236,4.0640235
-3.5959766,-4.3059764,-4.8959765,-6.2059765,-4.8459764,-4.3459764,-4.155977,-4.8759766,-5.9759765,-4.3759766,-3.4259765,-2.8359766,-3.2359765,-3.0559766,-1.9659766,-1.1359766,-1.8159766,-2.4059765,-1.6559765,-1.9259765,-2.0459766,-1.7359766,-4.4459767,-5.5959764,-1.4059765,-0.95597655,2.2540236,-0.89597654,2.1740234,-0.96597654,-4.5159764,-3.4459765,-1.4559766,0.73402345,1.9040234,-1.2359766,-3.2659767,-1.3759766,-1.1959766,-1.4159765,2.1040235,3.2140234,1.9240234,1.3340235,5.1340237,8.064023,7.6240234,10.134024,9.224024,7.5040236,8.204023,7.5840235,6.1040235,6.1740236,8.994023,6.7440233,8.924024,6.9940233
-3.7859766,-3.8359766,-4.5059767,-6.5459766,-4.635977,-5.655977,-5.5759764,-7.9259768,-7.7359767,-9.155976,-6.0059767,-4.9259768,-6.5259767,-6.8259764,-7.4359765,-4.0959764,-2.1559765,-2.2059765,-3.0959766,-3.9559765,-3.1159766,-2.2459764,-1.4459766,0.40402344,-8.215977,-0.06597656,-2.1159766,-0.26597655,-1.9259765,-3.5959766,-2.6759765,-4.1759768,-6.6159763,-2.8459766,-1.0859766,-0.9259766,1.1440234,0.87402344,-0.51597655,0.8340234,3.7640235,0.6540234,2.3540235,2.3240235,0.73402345,5.4840236,6.6840234,7.364023,8.914023,8.844024,10.2940235,9.624023,4.8940234,9.554024,8.204023,5.4140234,8.534023,8.334023
-1.4759766,-3.4459765,-4.2059765,-4.135977,-4.5059767,-4.7859764,-3.9359765,-3.6559765,-3.5459766,-6.4759765,-6.3959765,-6.7059765,-5.6859765,-6.385977,-7.7959766,-11.285976,-6.3659763,-5.0959764,-4.2159767,-3.8859766,-1.1459765,-0.94597656,1.1540234,0.35402343,-0.14597656,-1.8259766,-0.5359766,0.68402344,1.4440235,0.19402343,-0.6159766,0.20402344,-1.2159766,0.16402344,0.7040234,0.94402343,3.7240233,3.9440234,0.38402343,-0.87597656,-1.7059766,3.8240235,2.2940235,4.344023,7.1440234,10.204023,5.1340237,6.0340233,8.534023,8.954023,9.244023,10.584023,11.054024,9.464024,9.704023,8.934024,5.8940234,9.014024
0.14402343,-1.7959765,-1.6859765,-1.1259766,-2.3459766,-3.6459765,-3.4359765,-3.6759765,-3.8359766,-2.7759767,-0.28597656,-4.0059767,-3.6459765,-0.7359766,0.08402344,-2.3659766,-3.3059766,-7.6959767,-3.6759765,-1.8359766,-4.2059765,-5.8159766,-0.94597656,-0.69597656,-2.3259766,-1.1759765,2.1640234,0.024023438,0.7040234,1.4540235,1.8940234,-0.9759766,-1.1559765,-5.2159767,2.4740233,1.3040234,0.5240234,-2.3659766,1.7240235,8.314023,4.1340237,1.4940234,-1.0059766,6.9840236,2.7340233,6.2040234,10.974024,12.864023,11.974024,13.084023,11.864023,7.1240234,10.774023,11.624023,8.944023,7.1640234,6.2340236,4.8740234
3.2140234,0.73402345,0.8840234,1.6540234,1.1940235,1.3540235,0.53402346,-1.5759766,-1.7459766,-2.9059765,-4.0259767,-4.2659764,2.5940235,0.034023438,-0.80597657,-2.0559766,-2.9759765,-2.3259766,-0.42597657,-0.22597656,2.5340235,0.41402343,0.104023434,2.1840234,0.79402345,0.31402344,0.8940234,-0.5459766,1.2440234,2.6740234,1.2640234,0.29402342,-2.1559765,-0.76597655,-0.39597657,0.39402345,1.3740234,1.1840234,7.3840237,13.724024,8.014024,11.014024,6.4040236,-1.4359765,-0.99597657,4.3540235,1.2140235,4.0140233,8.994023,7.1640234,8.5440235,11.354023,13.354023,10.854023,12.744023,10.764024,8.514024,7.114023
3.2840235,3.3240235,3.3840234,4.5040236,2.1740234,0.62402344,-1.2159766,-1.2259766,-0.115976565,-1.5559765,-1.7659765,-1.1459765,-0.7959766,-0.46597657,0.42402345,-0.52597654,-0.18597656,-0.7259766,-0.38597655,0.54402345,-0.0059765624,1.9740235,0.5840234,1.2040235,1.5740235,2.1640234,1.0440234,0.014023437,3.7540236,7.5440235,5.5140233,1.5340234,1.0740235,3.8940234,4.6340237,2.6340234,4.094023,3.1640234,7.5140233,8.904023,8.834023,13.054024,8.224024,10.454023,6.3940234,5.3840237,7.4240236,5.0840235,9.574023,11.834023,14.814023,13.934024,12.124023,13.354023,15.694023,13.394024,11.754024,8.724024
3.5440235,4.8840237,5.2340236,7.5540233,3.9740233,0.68402344,-2.0959766,0.7640234,-0.29597655,-4.0659766,-3.7459764,-1.7459766,-2.5559766,-0.8559766,-1.4359765,-3.5859766,-1.8659766,1.1840234,0.8840234,0.9640234,1.7940234,0.26402342,0.99402344,2.2740235,2.1840234,2.6240234,3.4440234,3.7240233,3.7740235,3.0440235,5.3740234,5.7540236,6.8340235,4.5340233,2.5240235,3.4440234,0.8240234,4.4040236,5.1040235,11.454023,6.0040236,9.084023,6.8340235,7.8140235,8.824023,12.774023,11.894024,12.994023,8.924024,5.9640236,2.6640234,3.6740234,4.8040233,9.224024,3.0740235,7.7040234,8.024023,2.4540234
