public/json/wind_100m.json
{"header": { "discipline":0, "disciplineName":"Meteorological products", "gribEdition":2, "gribLength":79889, "center":7, "centerName":"US National Weather Service - NCEP(WMC)", "subcenter":0, "refTime":"2020-01-19T00:00:00.000Z", "significanceOfRT":1, "significanceOfRTName":"Start of forecast", "productStatus":0, "productStatusName":"Operational products", "productType":1, "productTypeName":"Forecast products", "productDefinitionTemplate":0, "productDefinitionTemplateName":"Analysis/forecast at horizontal level/layer at a point in time", "parameterCategory":2, "parameterCategoryName":"Momentum", "parameterNumber":3, "parameterNumberName":"V-component_of_wind", "parameterUnit":"m.s-1", "genProcessType":2, "genProcessTypeName":"Forecast", "forecastTime":0, "surface1Type":103, "surface1TypeName":"Specified height level above ground", "surface1Value":100.0, "surface2Type":255, "surface2TypeName":"Missing", "surface2Value":0.0, "gridDefinitionTemplate":0, "gridDefinitionTemplateName":"Latitude_Longitude", "numberPoints":65160, "shape":6, "shapeName":"Earth spherical with radius of 6,371,229.0 m", "gridUnits":"degrees", "resolution":48, "winds":"true", "scanMode":0, "nx":360, "ny":181, "basicAngle":0, "lo1":0.0, "la1":90.0, "lo2":359.0, "la2":-90.0, "dx":1.0, "dy":1.0 }, "data":
[rows 52 to 77 of 181, columns 174 to 231 of 360]
15.047996,16.327995,15.927996,16.317995,15.107996,12.957995,12.267996,9.727996,7.3679957,6.287996,5.1079955,5.9679956,6.8379955,6.9679956,6.5679955,6.4079957,6.0079956,5.807996,6.307996,5.6679955,4.3679957,3.4779956,2.2079957,-0.4320044,-1.5420043,-2.5320044,-4.3320045,-5.2620044,-6.5020046,-7.0420046,-7.8920045,-7.5620046,-6.5220046,-5.0520043,-3.8520043,-4.0520043,-3.4220045,-2.7120044,-1.3520044,-1.2520044,-0.3920044,-0.8220044,1.5479956,8.367995,8.857996,9.3779955,8.667995,9.577995,9.057996,7.8479958,6.6479955,5.327996,5.4379954,5.9879956,10.617995,10.837996,10.367995,8.957995
15.487995,16.397995,15.577995,15.407995,14.277996,11.757996,8.747995,9.057996,7.4779954,7.0079956,6.3479958,6.3179955,7.3879957,8.227996,7.6079955,6.8779955,6.4179955,6.5079956,6.4679956,5.4079957,4.3479958,2.5779955,0.8979956,-0.0020043945,-1.6120044,-3.5120044,-5.1820045,-6.422004,-6.3620043,-7.1320043,-8.022004,-7.3020043,-6.5520043,-6.0720043,-5.3620043,-4.3420043,-3.7520044,-3.3520043,-3.0020044,-2.4520044,-2.3420043,3.2379956,8.087996,7.537996,7.537996,7.037996,7.327996,7.327996,6.6979957,7.0279956,5.3179955,4.1679955,5.3679957,9.977996,10.507996,10.417995,8.137996,7.807996
14.067996,14.497995,15.177996,13.897996,13.347996,12.507996,10.3779955,8.237995,7.1679955,6.5879955,5.1179957,4.1979957,4.3679957,6.5879955,8.257996,8.207995,7.6479955,6.577996,4.1179957,4.017996,4.2479954,2.9179957,0.7479956,-0.9120044,-2.4020045,-3.5220044,-4.3020043,-5.5120044,-6.8020043,-8.082005,-8.242004,-7.7020044,-7.5720043,-7.2620044,-5.9020042,-5.6320043,-4.0920043,-2.9720044,-2.0220044,-3.8320043,3.3479955,6.077996,5.767996,6.9679956,6.307996,3.6879957,4.4179955,4.3679957,4.4979954,3.6879957,1.4179956,8.397996,9.897996,9.647996,8.677996,8.147996,6.9879956,7.807996
13.037995,14.367995,13.417995,12.387996,11.507996,9.837996,9.457995,8.517996,7.7379956,6.2979956,5.6779957,5.4079957,5.9879956,5.1279955,5.0979958,7.8579955,7.2079954,5.0279956,3.4479957,2.8279955,2.6579957,0.7679956,0.2879956,-0.5420044,-2.3620043,-3.2920043,-4.3220043,-5.2520046,-6.6820045,-7.7920046,-8.132005,-8.572004,-8.672005,-8.112004,-7.0820045,-4.462004,-5.1820045,-5.6520042,1.1579956,2.0579956,3.0379956,4.077996,5.6679955,3.9979956,1.8079956,1.5079956,1.4079956,2.6579957,4.077996,1.6479956,7.9679956,9.607996,8.317996,7.4779954,8.047996,7.577996,8.087996,5.2379956
12.517996,12.687996,12.617995,11.887996,10.567996,9.077995,9.067996,7.807996,6.8479958,6.7079954,5.8179955,4.8879957,3.9479957,4.1879954,4.1779957,2.9579957,2.6579957,5.6279955,5.1879954,2.8279955,0.6579956,-0.0820044,-1.0120044,-2.8120043,-3.7020044,-4.4720044,-5.4020042,-6.8420043,-7.4120045,-8.042005,-8.322004,-7.982004,-7.2020044,-5.422004,-7.3920045,-7.1220045,-5.5820045,-0.8120044,0.017995605,0.7179956,1.4679956,2.7179956,1.4779956,0.2479956,-1.4020044,-1.5220044,-0.25200438,1.1079956,3.5979955,8.307996,7.2379956,6.1379957,6.577996,7.1779957,7.1979957,6.9979954,6.8779955,4.787996
11.437996,10.3779955,10.257996,10.3779955,9.907995,9.157995,9.367995,8.497995,6.9179955,7.3779955,6.9079957,6.3979955,4.807996,4.1879954,4.2079954,2.6479957,1.7879956,2.4979956,2.2979956,0.3479956,-1.0120044,-1.4320045,-2.4820044,-3.2920043,-4.1220045,-4.4320045,-5.422004,-5.8420043,-5.7920046,-6.8620043,-8.432004,-8.572004,-8.832005,-8.082005,-2.7920043,-2.5620043,-2.3920045,-1.7620044,-0.77200437,-0.5320044,0.117995605,-0.9020044,-1.2920043,-3.8420043,-4.212004,-3.5020044,2.9179957,3.5479956,10.007996,6.3579955,6.1279955,7.5679955,6.3679957,5.5279956,7.077996,6.2579956,4.7079954,3.3079956
9.787995,9.337996,9.487995,10.057996,9.437996,8.277996,8.237995,7.557996,8.177996,6.9679956,6.6679955,4.4579954,6.3179955,4.4279957,5.037996,4.1979957,3.3479955,2.6879957,2.0679955,0.8979956,-0.4220044,-2.0920043,-2.9420044,-3.1020043,-2.9820044,-3.0320044,-3.4520044,-3.7620044,-4.5020046,-4.5720043,-4.0920043,-3.7620044,-3.9520044,-4.0220046,-4.192004,-3.6520045,-3.4620044,-2.9920044,-2.0920043,-2.4020045,-3.2720044,-3.6620045,-5.2520046,-5.212004,-5.2420044,1.5479956,2.0579956,7.4179955,6.1679955,6.787996,6.9979954,6.1679955,5.7579956,5.9179955,7.1379957,5.6379957,3.9279957,3.4179957
9.867995,9.827995,10.097996,10.077995,8.757996,9.297996,7.3579955,8.297996,7.577996,7.6879954,5.5079956,6.0079956,4.787996,4.287996,3.4579957,2.7579956,2.4179957,2.4279957,2.2479956,0.5779956,0.6379956,-0.52200437,-2.2220044,-2.8220043,-3.4720044,-3.3720045,-4.6220045,-4.9920044,-4.7820044,-4.712004,-4.9720044,-5.1820045,-5.3620043,-4.8620043,-4.5520043,-4.712004,-4.982004,-4.232004,-5.5620046,-6.0720043,-6.3020043,-6.6620045,-6.9320045,-7.0720043,0.6979956,3.9379957,4.8479958,6.7579956,5.827996,4.5279956,3.9379957,7.6079955,7.3779955,7.6179957,6.6379957,6.577996,4.6879954,3.3379955
9.187996,9.557996,9.467996,8.787995,8.227996,6.827996,6.0279956,7.3179955,6.9979954,6.0079956,5.9079957,5.537996,4.807996,3.6379957,3.3179955,2.1479957,1.8279957,0.037995607,-0.5520044,-1.2820044,-1.8320044,-2.5520043,-2.6420045,-3.4420044,-3.7120044,-4.9120045,-4.7420044,-5.2020044,-5.1820045,-5.192004,-5.8220043,-5.982004,-5.8820043,-6.0520043,-6.1120043,-6.4520044,-6.5620046,-7.672004,-8.502005,-8.042005,-7.8320045,-8.842005,-6.7420044,-3.6920044,1.0979956,3.6479957,2.8479955,1.9479957,-3.3520043,-1.9520044,6.017996,8.197995,7.3179955,5.9379954,6.1979957,5.9879956,3.7579956,3.6779957
9.087996,7.8779955,7.827996,7.6679955,5.7479954,2.9579957,5.2279954,5.5279956,6.0879955,6.1579957,5.6979957,5.3479958,4.6879954,2.6779957,2.7779956,1.5779957,0.6779956,-0.012004394,-0.7520044,-1.7820044,-2.4520044,-3.3520043,-4.9320045,-5.0620046,-4.7420044,-5.0020046,-4.6220045,-5.1620045,-5.6020045,-5.8920045,-5.9920044,-5.9720044,-6.9720044,-6.8720045,-7.2020044,-8.532004,-8.912004,-10.152004,-9.562004,-9.552005,-9.132005,-8.892004,-4.3220043,-1.1720043,-2.4420044,-1.2120044,-1.4620044,-4.6320043,-6.0520043,-3.3620043,9.657995,8.457995,7.2979956,5.537996,5.327996,4.4879956,4.2279954,3.2679956
7.6879954,7.0479956,6.4879956,5.6579957,4.6979957,5.0679955,4.5279956,5.4879956,5.5279956,5.5879955,5.8179955,5.6479955,3.9379957,3.6879957,3.0779955,1.4579957,0.5379956,-0.07200439,-1.2320044,-2.4720044,-2.9820044,-3.9220045,-4.8920045,-4.942004,-5.4120045,-5.3820043,-5.8520045,-5.6220045,-5.422004,-5.5120044,-6.712004,-7.3620043,-7.3820043,-7.4320045,-8.502005,-9.362004,-10.632005,-10.112004,-10.632005,-9.582005,-5.9920044,-5.3020043,-6.5120044,-3.5920043,-6.1020045,-2.7620044,-6.3120046,-12.222004,-0.5620044,5.2379956,8.967996,6.787996,7.1379957,7.1479955,5.1579957,4.3879957,4.1979957,4.0279956
5.6979957,6.2079954,5.0979958,4.827996,4.8579955,6.6579957,6.5679955,4.7979956,5.2279954,5.3179955,3.7779956,3.9079957,2.1679957,1.3479956,0.1379956,-0.1320044,-1.4620044,-1.6720043,-2.2420044,-2.7120044,-3.6620045,-4.1020045,-3.9520044,-4.2220044,-4.172004,-4.2220044,-3.6520045,-4.6220045,-5.8320045,-6.5420046,-6.7420044,-7.232004,-7.172004,-8.042005,-9.352004,-9.212005,-9.492004,-11.152004,-9.702004,-5.6820045,-5.3320045,-5.8420043,-6.8720045,-6.732004,-7.6520042,-5.4320045,-5.9920044,-10.832005,5.0079956,8.937996,9.717996,9.497995,8.767996,7.017996,6.1179957,5.7279954,2.8279955,2.7479956
5.0079956,5.6479955,4.7479954,2.7379956,4.7179956,5.7479954,5.4379954,4.9679956,4.7979956,4.9579954,3.7179956,3.1679957,2.1279955,1.1279956,0.10799561,-0.4920044,-0.3220044,-0.9520044,-1.4820044,-2.1120043,-2.9220045,-3.1020043,-3.4620044,-4.2520046,-4.212004,-4.692004,-4.7420044,-4.5520043,-5.692004,-6.672004,-7.1420045,-7.442004,-7.4720044,-8.252005,-8.8720045,-9.252005,-9.932004,-11.352004,-4.942004,-4.1220045,-5.7920046,-6.2720046,-7.3820043,-8.752005,-6.3620043,-6.442004,3.7979956,8.957995,10.077995,10.177996,9.847996,12.257996,10.617995,8.1279955,6.1979957,5.2079954,5.3879957,3.1979957
3.3279955,2.2779956,1.9779956,3.7379956,4.9679956,4.1779957,4.2379956,5.4279957,3.8979957,3.7479956,2.7279956,1.9679956,1.6779956,0.8279956,-0.5320044,-1.0520043,-0.8720044,-1.4120044,-1.8720044,-1.7520044,-1.9520044,-2.9520044,-4.2020044,-4.942004,-5.0720043,-5.172004,-5.0720043,-5.982004,-4.6120043,-5.9320045,-6.4020042,-5.9320045,-7.942004,-6.8620043,-6.3920045,-8.602004,-11.032004,-6.3520045,-6.1220045,-4.172004,-5.1320043,-6.9020042,-7.3420043,-7.8920045,-6.1020045,-2.9620044,5.1379957,5.327996,12.997995,13.477996,12.147996,10.137996,9.207995,8.707995,7.327996,5.3679957,3.9779956,2.0579956
2.6379957,2.3679955,2.4179957,3.9879956,4.0279956,3.8679955,3.9679956,3.8679955,3.9779956,3.6279955,3.0379956,1.7779956,0.6179956,0.017995605,-0.0020043945,0.017995605,-0.52200437,-1.0420043,-0.7520044,-1.9420044,-2.9120045,-3.2320044,-4.5920043,-4.6120043,-4.9520044,-5.0020046,-4.8120046,-4.3720045,-4.1520042,-4.8420043,-6.0420046,-6.9020042,-7.0620046,-7.0120044,-7.692004,-9.842005,-10.082005,-7.2620044,-6.5820045,-6.6120043,-4.7220044,-5.8720045,-8.312004,-6.9520044,-8.312004,3.2879956,5.4479957,8.697995,12.457995,12.677996,10.857996,8.547996,7.2479954,6.6379957,6.017996,5.0279956,3.6779957,1.9579957
3.6179955,3.1279955,2.4579957,3.8779955,2.5779955,2.8179955,2.2779956,3.3679955,3.3279955,2.9279957,2.3779955,1.6079956,1.3079956,-0.0020043945,-0.41200438,-1.1220044,-1.6520044,-1.7920043,-2.4320045,-3.1720045,-3.9720044,-3.9420044,-4.3520045,-4.732004,-6.2420044,-5.3420043,-5.5620046,-5.1320043,-5.6420045,-5.5220046,-6.7820044,-7.7420044,-6.7520046,-7.6320043,-8.012005,-9.782004,-10.672005,-6.4120045,-4.9720044,-6.3620043,-4.982004,-4.2420044,-6.4320045,-8.242004,-8.502005,3.1079955,3.2679956,2.8879957,-0.4920044,4.0279956,5.2579956,5.4979954,5.9279957,5.0679955,5.267996,4.6779957,3.0179956,1.7079957
2.6979957,1.9179956,2.1079955,2.5079956,1.6879956,0.6979956,0.8879956,0.7779956,0.20799561,0.5579956,0.9879956,0.3579956,-0.062004395,-0.9120044,-1.4920044,-2.0120044,-2.5220044,-3.0120044,-3.2820044,-4.0020046,-3.8820045,-4.0320044,-4.9720044,-4.6520042,-6.1020045,-7.2220044,-5.2020044,-6.0920043,-5.3620043,-7.232004,-8.442004,-8.742004,-8.272004,-7.7820044,-7.5020046,-7.8420043,-7.8020043,-7.3720045,-6.6520042,-6.1220045,-5.1520042,-5.3120046,-6.0520043,-6.2620044,-6.1420045,0.6279956,-1.9220043,1.2679956,8.6279955,10.417995,11.717996,9.567996,7.5079956,5.4679956,4.7479954,3.6079955,2.5179956,1.5379956
1.5279956,0.9679956,1.7379956,0.8779956,0.5679956,-0.4920044,-1.2920043,0.0879956,-0.3220044,0.047995605,-0.3220044,-0.6220044,-0.8920044,-0.5720044,-1.0120044,-2.0020044,-2.7020044,-2.8920045,-3.4820044,-3.2320044,-3.6020043,-4.1820045,-5.4920044,-6.3420043,-6.462004,-4.692004,-6.9020042,-7.5120044,-8.052005,-7.232004,-6.692004,-7.732004,-6.8920045,-7.4720044,-7.7420044,-7.5020046,-8.202004,-7.672004,-6.9120045,-6.6820045,-5.172004,-5.5320044,-5.712004,-4.4920044,-3.4920044,0.4279956,-1.1020044,5.2479954,9.1279955,16.077995,13.757996,10.707995,7.4379954,6.0479956,4.517996,3.0079956,2.2679956,1.1979957
-0.18200439,0.1979956,-0.15200439,-0.41200438,-0.4520044,-1.3220044,-1.7920043,-1.4520044,-0.7320044,-0.7420044,-0.5520044,-0.18200439,-0.5620044,-0.7520044,-1.8520044,-2.4520044,-3.1320045,-3.1420045,-3.5520043,-4.0420046,-4.7420044,-5.5220046,-6.7020044,-5.6520042,-6.1120043,-6.5020046,-6.9720044,-8.172005,-8.192004,-4.5920043,-7.6320043,-5.7720046,-5.3420043,-6.8420043,-7.462004,-7.7620044,-7.9020042,-8.482004,-6.0420046,-5.5220046,-4.9120045,-4.9020042,-3.5320044,-2.3320043,-0.8620044,-5.0720043,-4.6320043,5.9979954,11.747995,11.997995,9.487995,7.3779955,7.0679955,5.9479957,3.5779955,2.4579957,0.6979956,0.4079956
-0.2920044,-0.25200438,-0.8620044,-0.6220044,-0.1620044,0.5979956,-1.7520044,-2.8920045,-3.2520044,-3.2220044,-1.1820045,-1.0420043,-1.1720043,-1.5120044,-1.2620044,-2.0820043,-2.8120043,-3.3620043,-4.3020043,-4.7820044,-5.422004,-6.1020045,-6.2520046,-6.3420043,-6.422004,-6.2020044,-6.4920044,-7.0220046,-6.0220046,-8.162004,3.2379956,-8.672005,-8.052005,-7.5720043,-5.7620044,-6.0620046,-6.6320043,-6.692004,-4.7420044,-4.0420046,-3.1420045,-2.1120043,-2.2220044,-2.9320045,-4.4920044,-5.0520043,4.6679955,8.847996,9.3779955,7.5979958,7.0879955,5.8579955,5.0979958,4.5979958,3.3379955,2.1979957,1.0579956,-0.4620044
-0.012004394,-0.7620044,1.0379956,0.7379956,1.2479956,0.33799562,-0.032004394,-2.2820044,-3.7820044,-3.8520043,-2.9420044,-3.1820045,-2.0420043,-2.5520043,-2.9420044,-3.8820045,-3.5320044,-3.7220044,-3.8820045,-4.672004,-4.2620044,-5.9320045,-6.1620045,-6.6420045,-6.7620044,-6.5220046,-6.5520043,-6.3220043,-7.1620045,-3.9620044,-5.3120046,-7.2920046,-8.112004,-6.922004,-6.2420044,-6.3020043,-5.4320045,-5.922004,-3.5020044,-1.1520044,-1.6520044,-2.6020043,-3.8620043,-3.8620043,-5.192004,-1.1220044,3.8679955,5.9579954,6.2079954,5.017996,4.787996,2.8979957,2.2979956,1.7779956,1.2579956,0.1979956,-0.7020044,-1.5620044
0.20799561,-0.0820044,-0.3120044,-0.1220044,-0.7920044,0.36799562,-0.4820044,-0.8620044,-1.2920043,-1.1720043,-1.7820044,-1.9220043,-3.2820044,-3.3420043,-3.2220044,-3.8520043,-4.1620045,-4.672004,-5.2520046,-6.212004,-6.6220045,-6.922004,-6.8020043,-6.5520043,-6.4120045,-7.6520042,-6.6420045,-4.0620046,-3.4620044,-5.0920043,-6.692004,-6.922004,-6.3420043,-6.0120044,-5.6520042,-4.172004,-4.212004,-3.2820044,-2.0120044,-1.9820044,-3.0520043,-3.5920043,-2.9820044,-2.4620044,-1.5720044,-1.1920044,4.4379954,4.2279954,2.8279955,3.7479956,2.5479956,3.3279955,2.8879957,1.5179956,0.6279956,-0.2620044,-1.6520044,-1.4020044
-0.4220044,-0.022004394,-0.6520044,-1.7320044,-1.6020044,-1.2120044,-2.1320045,-2.2320044,-0.7620044,-0.1420044,-0.6520044,-1.2220044,-2.5720043,-3.4920044,-4.5120044,-4.5120044,-4.6420045,-5.1320043,-5.6320043,-6.5120044,-6.4020042,-6.9120045,-6.5920043,-6.442004,-6.9520044,-7.7820044,-8.012005,-5.672004,-5.5920043,-6.4920044,-7.3520045,-7.2920046,-6.4020042,-5.2020044,-6.0320044,-5.9720044,-4.6820045,-3.7120044,-3.7220044,-2.8620043,-2.6220045,-2.5420043,-2.7220044,-2.7620044,-1.5720044,1.6879956,2.7279956,2.0579956,1.8979956,0.7479956,1.1579956,1.0579956,0.2579956,-0.3120044,-0.2220044,-1.3620044,-1.9520044,-4.0620046
-1.4620044,-1.5520043,-1.6620044,-1.1120044,-1.7420044,-1.8720044,-1.9620044,-1.6220044,-0.3920044,-0.2420044,-0.5620044,-1.9120044,-2.4220045,-2.6420045,-3.2120044,-2.0020044,-2.6120043,-4.0120044,-4.4920044,-4.962004,-6.1120043,-5.8520045,-6.3420043,-6.8220043,-7.0320044,-6.5520043,-7.1820045,-7.1520042,-6.2820044,-6.5820045,-7.4120045,-7.3720045,-5.2920046,-5.2420044,-3.2620044,-3.2720044,-1.4620044,-0.8620044,-2.0020044,-1.1920044,-1.4320045,-4.0220046,-4.4920044,-0.41200438,2.3479955,1.6779956,0.3479956,-0.5520044,0.7579956,-2.2620044,-1.2220044,-1.3820044,-1.4420044,-1.4920044,-1.9720044,-1.7420044,-3.1020043,-2.8820045
-1.6320044,-1.6520044,-2.8020043,-2.9720044,-3.8220043,-2.3720045,-1.9520044,-1.3120044,-1.1520044,-1.0720044,-1.0920044,-1.1420044,-1.4620044,-2.5020044,-2.7220044,-3.4920044,-3.3620043,-4.5820045,-4.5920043,-5.0720043,-5.672004,-7.0820045,-7.7020044,-7.8620043,-8.162004,-8.612004,-8.232004,-6.5920043,-6.422004,-7.0020046,-6.0720043,-6.192004,-3.5820043,-1.6620044,-1.3320044,-0.11200439,-1.5520043,-2.7820044,-3.5320044,-4.7620044,-5.5120044,-3.6320045,-0.11200439,0.027995605,-1.9520044,-2.4320045,-0.9520044,-2.0520043,-2.6820045,-2.6220045,-2.8720045,-2.5520043,-1.6820045,-2.3520043,-1.6520044,-2.2420044,-2.1320045,-3.4820044
-2.2120044,-3.0020044,-2.4320045,-3.8420043,-2.3420043,-1.7620044,-2.4320045,-2.0620043,-1.8620044,-0.5420044,-1.7720044,-2.3920045,-3.2120044,-3.3520043,-3.2120044,-3.6220045,-3.9220045,-5.1320043,-5.5020046,-5.8920045,-6.2920046,-6.5720043,-6.8220043,-7.172004,-8.332005,-8.632005,-6.0020046,-6.2020044,-5.6220045,-5.2620044,-4.7720046,-4.5220046,-3.3620043,-2.8020043,-1.4320045,-3.3820045,-2.9920044,-4.0820045,-4.8220043,-3.5320044,-4.2020044,-2.8720045,-3.4320045,-2.8720045,-0.8120044,-3.4020045,-3.8120043,-3.5120044,-3.6420045,-3.3220043,-3.1120043,-1.9920044,-1.1720043,-1.3720044,-1.9320045,-2.6020043,-1.9620044,-3.0520043
