public/json/wind_10m.json
{"header": { "discipline":0, "disciplineName":"Meteorological products", "gribEdition":2, "gribLength":77760, "center":7, "centerName":"US National Weather Service - NCEP(WMC)", "subcenter":0, "refTime":"2020-01-19T00:00:00.000Z", "significanceOfRT":1, "significanceOfRTName":"Start of forecast", "productStatus":0, "productStatusName":"Operational products", "productType":1, "productTypeName":"Forecast products", "productDefinitionTemplate":0, "productDefinitionTemplateName":"Analysis/forecast at horizontal level/layer at a point in time", "parameterCategory":2, "parameterCategoryName":"Momentum", "parameterNumber":3, "parameterNumberName":"V-component_of_wind", "parameterUnit":"m.s-1", "genProcessType":2, "genProcessTypeName":"Forecast", "forecastTime":0, "surface1Type":103, "surface1TypeName":"Specified height level above ground", "surface1Value":10.0, "surface2Type":255, "surface2TypeName":"Missing", "surface2Value":0.0, "gridDefinitionTemplate":0, "gridDefinitionTemplateName":"Latitude_Longitude", "numberPoints":65160, "shape":6, "shapeName":"Earth spherical with radius of 6,371,229.0 m", "gridUnits":"degrees", "resolution":48, "winds":"true", "scanMode":0, "nx":360, "ny":181, "basicAngle":0, "lo1":0.0, "la1":90.0, "lo2":359.0, "la2":-90.0, "dx":1.0, "dy":1.0 }, "data":
[rows 52 to 77 of 181, columns 58 to 115 of 360]
0.6612012,-0.46879882,-0.43879882,0.7312012,1.1712012,2.3812013,4.001201,5.061201,3.4612012,-0.25879884,0.21120118,-0.12879883,0.67120117,-0.068798825,1.8912011,1.2112012,1.2712011,-0.74879885,1.1312011,1.0112011,2.0012012,2.571201,1.9012011,1.0912012,0.111201175,0.63120115,0.22120117,-0.6687988,-0.31879884,1.7212012,1.5612012,0.37120116,2.5112011,-0.42879882,0.36120117,0.7812012,-0.38879883,-0.6087988,-2.908799,-1.0887989,-0.92879885,-1.0587988,-0.12879883,1.1212012,0.81120116,2.041201,1.4512012,-0.6687988,-0.5387988,0.81120116,0.14120117,1.3312012,0.19120117,1.8912011,-0.39879882,0.75120115,2.4512012,0.8912012
-1.0687988,-0.87879884,0.80120116,0.031201173,2.7812011,4.5512013,3.6512012,2.601201,0.7712012,1.8712012,0.12120117,-0.67879885,-2.7687988,-1.2087989,0.8412012,0.04120117,1.2812011,1.1212012,4.5712013,5.921201,4.0112014,1.0912012,0.09120117,0.32120118,-0.5187988,-0.87879884,-0.5287988,1.9012011,0.051201172,1.0112011,0.23120117,2.041201,1.4212012,-1.5887989,0.80120116,0.61120117,-0.26879883,0.42120117,0.10120117,-2.5287988,-0.8487988,-1.6687988,-2.698799,0.14120117,-1.2187989,-2.5287988,-1.3787988,1.3112012,0.51120114,-0.5487988,-0.44879884,-0.068798825,1.0512012,1.0212011,3.4612012,1.9812012,0.7112012,1.6212012
-0.88879883,-2.2587988,-0.5387988,0.45120117,1.7912011,0.14120117,1.2812011,0.37120116,-0.38879883,-0.36879882,3.1612012,1.5012012,3.3712013,0.49120116,-2.458799,0.5212012,0.29120117,-0.16879883,-0.7887988,4.391201,1.4312012,3.9712012,6.1512012,6.0112014,1.8712012,-0.038798828,-0.82879883,3.2212012,2.9112012,0.37120116,1.7312012,1.0912012,1.3912011,1.2712011,0.7012012,2.041201,-0.31879884,-0.15879883,0.32120118,0.81120116,-0.20879883,0.6512012,-1.2087989,-0.28879884,-0.26879883,-0.32879883,-0.068798825,-0.22879882,0.8912012,0.10120117,0.37120116,-0.36879882,1.5312011,0.40120116,2.351201,-0.10879883,1.7512012,-0.9087988
0.7812012,-0.9087988,0.46120116,3.101201,0.41120118,-1.1487988,-0.5887988,3.7312012,2.1712012,2.9512012,3.1712012,-0.12879883,-2.8387988,-4.288799,-3.5987988,-3.688799,-2.6187987,-0.74879885,1.1712012,-1.1087989,0.3412012,-0.5187988,0.20120117,-0.69879884,-0.82879883,1.9112011,3.811201,4.911201,2.6712012,1.9412012,2.2012012,0.9712012,0.21120118,3.0112011,1.3212012,-0.39879882,-0.12879883,0.9712012,2.041201,0.0012011719,-0.6587988,2.1612012,0.80120116,1.3312012,0.80120116,0.38120118,0.04120117,-0.24879883,-1.3287988,-0.73879886,0.25120118,-0.9087988,-0.5287988,0.81120116,-0.068798825,0.5912012,0.26120117,-1.2987988
0.30120116,1.5912012,-0.9687988,0.82120115,0.5312012,3.051201,2.041201,0.20120117,-0.6687988,-1.5887989,-0.25879884,0.17120117,-1.8387989,-1.0587988,-0.74879885,-1.5787988,-3.2187989,-0.8987988,-0.058798827,1.2612011,0.18120117,-2.3587987,-1.3887988,0.15120117,-0.49879882,-0.62879884,0.8312012,-0.11879883,-1.1487988,-0.23879883,2.051201,4.251201,2.6312013,3.2812011,2.0212011,1.5112011,3.0112011,3.6312013,1.9712012,1.4412012,2.4212012,1.3412012,-0.16879883,1.1812012,1.0312011,-0.068798825,0.18120117,-0.55879885,-1.6687988,-1.9087988,1.8112012,0.8312012,-0.33879882,-0.28879884,1.7912011,-3.0887988,-0.43879882,-2.5687988
-4.3487988,-0.17879882,-1.5287988,3.9112012,0.88120115,-2.3387988,1.2812011,-1.3187988,-3.3587987,-0.6587988,-2.3487988,-0.86879885,0.75120115,-0.4087988,-0.37879884,-1.1587988,-0.62879884,-2.9787989,-1.9387988,-0.86879885,0.09120117,0.32120118,3.1512012,0.76120114,-0.49879882,0.25120118,-0.36879882,0.011201172,0.42120117,0.5812012,1.0212011,2.1912012,2.8612013,0.5912012,2.7512012,2.561201,0.67120117,1.0712012,0.45120117,0.031201173,0.36120117,-2.2887988,-0.61879885,0.47120118,-0.75879884,2.791201,0.8512012,-1.8087988,-2.3087988,-0.42879882,-0.31879884,-2.0087988,-0.82879883,-2.0887988,-1.3487989,0.94120115,-3.148799,-3.428799
-0.50879884,1.7212012,3.051201,0.08120117,0.8512012,0.63120115,-0.17879882,-0.98879886,-1.4787989,-0.9087988,-1.1287988,-0.39879882,0.39120117,-0.9587988,-1.1387988,-0.39879882,-0.9687988,-0.43879882,-0.5487988,-3.3687987,-0.8987988,-0.98879886,1.2012012,0.30120116,1.7412012,1.1612011,1.4012011,0.24120118,2.811201,1.1512011,-0.7787988,-0.92879885,1.1412011,1.3012012,2.091201,-0.20879883,1.3312012,1.7912011,0.8312012,1.2412012,0.18120117,2.4712012,1.0812012,0.99120116,1.7212012,0.22120117,-0.6687988,-1.6387988,-2.2287989,-1.7587988,-1.1387988,0.6012012,1.3412012,-0.19879884,-1.9587989,-0.19879884,-0.34879884,0.021201171
-2.4687989,-1.5987989,-3.8587987,-1.0387988,-0.69879884,0.8912012,-0.98879886,-1.1387988,-0.9187988,0.57120115,-2.708799,-1.3487989,-0.35879883,0.3412012,-0.27879882,-0.86879885,-1.7587988,-1.2187989,-1.6887988,-0.86879885,-2.4787989,1.8812011,0.5812012,-0.30879882,0.5312012,4.5112014,4.021201,1.0912012,1.2212012,1.8612012,1.1712012,2.2112012,4.3212013,3.9412012,6.541201,4.101201,4.271201,1.7212012,0.44120118,3.341201,2.1612012,3.1212013,0.74120116,1.4112011,0.22120117,-1.6287988,-0.07879883,-1.8887988,-2.428799,-0.30879882,-0.29879883,-0.39879882,0.45120117,-0.99879885,-0.23879883,-1.1187989,-0.48879883,-0.18879883
-1.5387988,1.4712012,0.47120118,-1.2287989,0.18120117,-0.5187988,2.801201,-0.018798828,-1.1087989,-0.67879885,-1.0187988,-1.1187989,-0.7287988,-0.33879882,-1.0687988,-1.5887989,-1.5187988,-1.6187989,-1.5587988,-1.1687988,-0.9687988,-0.67879885,-3.0887988,-0.18879883,-0.61879885,0.021201171,-0.14879882,3.091201,3.071201,3.6212013,2.4212012,2.8612013,4.1512012,1.3012012,0.36120117,0.69120115,-0.24879883,1.2412012,2.8912013,2.541201,1.9912012,2.551201,2.7712011,0.9712012,0.3412012,0.43120116,-0.21879883,-1.5587988,0.7112012,1.2312012,0.38120118,0.37120116,0.6412012,-0.25879884,0.94120115,0.051201172,1.0612012,0.50120115
5.541201,0.19120117,5.661201,2.6312013,2.2212012,0.10120117,-0.88879883,-0.44879884,-0.18879883,-0.10879883,-1.9587989,-0.8487988,-1.4487988,-1.8987988,-1.9087988,-1.6587988,-0.99879885,-0.31879884,-1.2587988,-1.1887988,-0.92879885,-1.5487988,-1.8487989,-2.6387987,-1.4887989,-1.6887988,3.8712013,3.9112012,2.6912012,4.211201,3.6312013,3.8812013,3.6412013,3.301201,4.141201,0.021201171,3.071201,-0.56879884,2.4612012,2.101201,3.041201,2.0212011,2.0012012,1.0812012,2.1312013,-0.7687988,0.55120116,-0.34879884,1.2612011,0.0012011719,0.40120116,-0.22879882,-0.61879885,0.021201171,0.9112012,0.47120118,-0.058798827,0.25120118
0.011201172,1.6512011,2.9112012,2.1112013,1.7712011,1.5612012,-0.018798828,-1.3787988,-0.87879884,-0.62879884,-1.0087988,-1.3687989,-2.178799,-1.8687989,-2.5087988,-1.9687989,-0.67879885,-0.28879884,-0.018798828,-0.5987988,-1.5487988,-1.7087989,-1.8287988,-1.8887988,-1.0287988,-1.7087989,-1.0687988,-1.8587989,-3.918799,4.711201,7.561201,3.3612013,-1.8987988,-0.7887988,1.6512011,-1.2687988,-0.08879883,-1.2287989,-0.9687988,-0.28879884,0.42120117,0.47120118,-0.10879883,0.111201175,-0.81879884,-0.13879883,0.031201173,-1.2487988,-0.30879882,0.62120116,0.6012012,0.031201173,0.5912012,0.28120118,0.16120118,0.16120118,0.18120117,-0.31879884
0.10120117,-0.38879883,-0.21879883,0.48120117,0.56120116,-0.068798825,-0.19879884,-0.23879883,-1.0887989,-0.24879883,-2.2787988,-0.93879884,0.47120118,-0.7287988,-2.8287988,-2.0887988,-2.458799,-2.958799,-1.4887989,-1.3187988,-1.2887988,-1.9187988,-1.6487988,-1.5287988,-1.5287988,-0.9787988,-1.3187988,-1.8187988,-1.8487989,-1.9587989,-1.9587989,-3.3087988,-2.2487988,-1.9987988,-3.7387989,0.0012011719,-0.7787988,0.48120117,0.7912012,-1.1787988,-0.068798825,0.37120116,-1.0887989,0.44120118,-1.5987989,0.18120117,-0.7687988,-0.23879883,-0.5287988,-0.04879883,-0.068798825,-0.08879883,-0.50879884,0.18120117,-0.17879882,-0.29879883,0.3412012,-1.0887989
-0.6487988,-1.0687988,-0.73879886,-0.28879884,-0.008798828,-1.8287988,-1.0487988,-0.22879882,0.19120117,-0.9687988,-2.5887988,-1.6887988,-1.4187988,-2.958799,-2.708799,-2.8787987,-2.0287988,-3.1187987,-1.0387988,-0.49879882,-1.4787989,-0.8387988,-1.0587988,-1.5987989,-1.7987988,-2.0287988,-1.5587988,-1.0187988,0.0012011719,-1.0487988,-0.75879884,1.1012012,1.2712011,0.8912012,1.6712012,0.75120115,0.86120117,0.6512012,0.10120117,0.80120116,-0.42879882,-0.67879885,0.3412012,0.49120116,0.63120115,1.2712011,0.88120115,0.8512012,-2.188799,-0.7287988,-0.80879885,-1.7087989,-1.0087988,-1.0987989,-1.0487988,-1.1887988,0.071201175,-1.5587988
0.33120117,2.3812013,-0.26879883,-3.3687987,-1.8287988,-2.708799,-1.5487988,-1.0887989,0.44120118,-2.688799,-4.5087986,-3.6387987,-2.9687989,-4.478799,-3.1387987,-2.3787987,-2.5787988,-1.5587988,0.8512012,-1.0687988,-0.9187988,-0.8587988,-0.7287988,-1.1887988,-0.34879884,-0.19879884,-0.31879884,-1.2587988,-0.038798828,0.7812012,0.6512012,-2.7887988,-1.0087988,-0.81879884,0.56120116,-0.8487988,-1.3287988,-0.008798828,0.12120117,-0.21879883,-0.7187988,-0.42879882,-0.43879882,0.32120118,-0.09879883,0.071201175,1.0112011,-0.19879884,-0.68879884,-1.0087988,-1.7887988,-1.9487988,-1.8287988,-1.5887989,-1.5787988,-1.5787988,-0.35879883,-2.2687988
0.20120117,1.9512012,-0.7087988,-1.3587989,-1.2687988,-1.9687989,-1.3487989,-1.8087988,-1.8587989,-4.318799,-6.0987988,-6.248799,-6.248799,-8.518799,-4.038799,-3.188799,-3.8887987,-0.7887988,-1.2087989,-0.98879886,-1.8787988,-2.158799,-2.428799,-1.7687988,-2.0087988,-1.7287989,-0.69879884,-1.8487989,-3.5687988,-2.928799,-0.7687988,-2.688799,-1.2587988,-0.80879885,0.23120117,1.0912012,-0.16879883,-0.30879882,-0.24879883,0.08120117,-0.43879882,-0.5287988,0.81120116,0.35120118,0.61120117,0.15120117,-0.4087988,-1.2387989,-0.74879885,-1.6087989,-3.168799,-4.6987987,-1.7987988,-2.7487988,-1.5887989,-1.7687988,-0.99879885,-1.6387988
0.43120116,0.24120118,-2.7987988,-2.5687988,-2.698799,-3.0087988,-2.2987988,-3.9787989,-2.2487988,-3.958799,-5.9087987,-4.828799,-5.268799,-5.1587987,-3.658799,-3.2287989,-1.5887989,-0.82879883,-1.9187988,-3.2187989,-1.6487988,-1.5287988,-2.7387989,-2.2287989,-1.9987988,-2.3687987,-1.3287988,-1.0787988,-0.068798825,-1.4087988,-1.5687988,-2.0287988,-2.0987988,-1.2187989,-0.21879883,-0.38879883,0.17120117,-1.1387988,-0.30879882,0.6012012,-0.15879883,0.28120118,0.6012012,0.56120116,-0.038798828,0.87120116,1.3912011,0.37120116,-1.1387988,-4.208799,-3.448799,-6.2187986,-3.5087988,-2.708799,-1.5987989,-4.128799,-2.0787988,-0.8987988
0.43120116,-0.8987988,-4.898799,-3.0987988,-2.5487988,-3.698799,-3.2487988,-3.418799,-4.2187986,-5.6187987,-6.808799,-7.478799,-4.808799,-5.068799,-4.588799,-3.2387989,-0.27879882,-0.14879882,-1.2587988,-2.208799,-1.4587989,-4.518799,-3.5087988,-1.6387988,-2.418799,-1.0187988,-1.6587988,0.35120118,0.19120117,-1.7687988,-1.4987988,-1.7787988,-1.9787989,-3.8087988,-1.7787988,-0.47879884,0.12120117,-1.4687989,-0.068798825,-0.16879883,0.071201175,-0.32879883,-0.5887988,-0.63879883,-0.22879882,0.20120117,-0.42879882,0.111201175,-2.168799,-2.198799,-1.8387989,-7.168799,-4.6187987,-2.2787988,-2.5187988,-3.4687989,-2.5387988,-2.2587988
-0.8487988,-3.408799,-4.228799,-3.7187989,-2.9987988,-2.8887987,-3.3087988,-3.908799,-4.578799,-5.8487988,-6.308799,-7.588799,-7.298799,-6.298799,-9.468799,-3.7787988,1.0812012,1.5212011,-2.3087988,-0.6087988,-2.3187988,-2.9787989,-1.8487989,-0.69879884,0.5412012,0.25120118,0.19120117,0.35120118,-0.19879884,0.50120115,-1.2487988,-2.898799,-3.8887987,-4.828799,-4.1187987,-1.2087989,-1.3887988,-1.4887989,-0.33879882,1.2612011,-0.24879883,-0.20879883,-1.1787988,0.41120118,-0.16879883,0.17120117,-0.47879884,-0.7787988,-4.498799,-2.168799,-10.3787985,-9.048799,-4.268799,-4.8487988,-3.458799,-0.7087988,-0.17879882,-2.708799
-1.1887988,-3.1187987,-4.4287987,-3.958799,-3.5487988,-3.2187989,-3.928799,-4.288799,-4.7587986,-5.628799,-6.8687987,-8.388799,-7.7587986,-8.738799,-9.738799,-1.8387989,-0.25879884,-1.8987988,-1.9187988,-2.0387988,-0.8487988,-0.56879884,0.14120117,0.76120114,-0.5987988,0.62120116,1.2612011,0.49120116,-0.94879884,-0.5487988,-0.47879884,-2.908799,-4.4887986,-6.1987987,-5.578799,-2.2587988,-0.62879884,-0.87879884,-1.2887988,-0.33879882,0.19120117,-0.5987988,-0.9187988,0.16120118,-0.36879882,0.38120118,0.36120117,-0.19879884,-3.7287989,-6.398799,-8.668798,-9.768799,-0.31879884,1.8112012,2.051201,-0.27879882,-3.178799,-5.8687987
-2.1287987,-3.3187988,-4.018799,-3.938799,-4.0087986,-3.428799,-3.5587988,-4.3887987,-5.278799,-6.3687987,-7.498799,-7.278799,-7.8887987,-8.848799,-9.328799,-1.3887988,-0.57879883,-2.1387987,-0.80879885,-0.87879884,-0.4087988,0.16120118,0.23120117,0.7012012,-0.7187988,0.6612012,-0.8587988,-2.3787987,-0.15879883,-0.22879882,-1.1887988,-2.428799,-4.4087987,-5.398799,-4.3887987,-2.5487988,-1.2687988,-1.2687988,-0.46879882,0.61120117,0.09120117,-1.0987989,-0.9187988,-0.20879883,-0.5487988,-0.17879882,-1.0487988,-0.34879884,-5.588799,-7.168799,5.101201,0.7112012,0.8512012,1.8612012,-0.73879886,-3.3787987,-4.818799,-5.8887987
-2.9887989,-4.088799,-4.298799,-4.378799,-3.948799,-3.708799,-3.7787988,-4.4287987,-5.518799,-6.2387986,-7.3487988,-7.2387986,-6.4287987,-7.688799,-7.798799,-1.8387989,0.26120117,-0.81879884,-0.81879884,0.111201175,1.1412011,3.051201,2.4012012,0.80120116,0.8912012,-0.82879883,-4.048799,-1.0887989,-0.35879883,-1.2487988,-1.6987988,-3.0287988,-4.1787987,-5.068799,-4.8887987,-3.658799,-3.3787987,-0.9687988,-0.62879884,-0.57879883,-0.22879882,-0.26879883,-0.7787988,0.06120117,0.15120117,-0.04879883,-0.9587988,-1.7187989,-0.7987988,3.051201,3.841201,1.3812011,-0.4087988,-1.0187988,-3.3687987,-4.6187987,-6.038799,-7.4687986
-3.5087988,-4.048799,-4.048799,-3.7587988,-3.5987988,-3.698799,-3.9787989,-4.398799,-5.058799,-5.4487987,-5.548799,-5.9887986,-7.1387987,-6.1987987,-6.318799,-5.378799,-0.75879884,2.301201,3.061201,2.2812011,1.8012012,1.6012012,1.7212012,0.15120117,-2.0787988,-2.688799,-2.208799,-1.3587989,-0.9087988,-1.2687988,-2.4687989,-3.3187988,-3.938799,-4.248799,-4.788799,-3.928799,-3.908799,-2.2987988,-2.0687988,-1.9487988,-0.49879882,-0.26879883,-1.0187988,0.42120117,0.36120117,-1.0787988,-0.69879884,-0.5187988,-1.5787988,0.33120117,3.6812012,2.2512012,-0.26879883,-2.4787989,-3.5687988,-5.018799,-6.548799,-8.268799
-3.658799,-3.5987988,-3.5687988,-3.2587988,-3.398799,-3.4887989,-3.948799,-4.1587987,-4.168799,-4.558799,-5.748799,-6.1787987,-6.108799,-6.1187987,-6.4087987,-6.3687987,-0.8487988,1.8212012,3.4012012,2.2712011,2.321201,0.94120115,-0.33879882,-0.4087988,-0.6487988,-1.2987988,-0.7887988,-0.9687988,-1.3287988,-2.7887988,-3.458799,-4.228799,-4.688799,-4.478799,-4.858799,-5.5087986,-5.878799,-2.1087987,-5.4287987,-4.018799,0.25120118,-0.39879882,0.8312012,0.23120117,-0.38879883,0.46120116,-0.43879882,-2.448799,-0.13879883,-0.7687988,0.111201175,0.16120118,-1.7987988,-4.028799,-5.018799,-5.788799,-6.6987987,-7.2587986
-3.2587988,-3.2187989,-3.148799,-3.408799,-3.3587987,-3.3087988,-3.2587988,-3.6187987,-4.268799,-5.088799,-5.0987988,-5.498799,-5.058799,-5.6787987,-6.1787987,-6.148799,-1.0587988,0.18120117,0.8912012,1.9912012,0.6412012,0.031201173,1.0812012,0.63120115,-0.22879882,-1.3487989,-2.428799,-2.158799,-2.658799,-3.948799,-4.5087986,-3.8387988,-3.678799,-4.328799,-5.518799,-5.458799,-6.528799,-5.7387986,-5.3487988,-4.9087987,-0.41879883,-0.73879886,1.2512012,-0.20879883,0.23120117,0.111201175,-0.98879886,2.6412013,0.28120118,-0.67879885,-0.80879885,-0.5187988,-4.2387986,-5.018799,-5.778799,-6.728799,-7.398799,-7.708799
-3.158799,-2.8087988,-2.0787988,-2.3587987,-2.7787988,-3.0587988,-3.2187989,-4.208799,-3.7287989,-4.6587987,-4.858799,-4.4487987,-4.088799,-4.628799,-5.228799,-4.9687986,-6.478799,0.41120118,2.1512012,2.2812011,1.6012012,0.99120116,0.5812012,-0.23879883,-1.4387988,-1.9987988,-2.428799,-3.0587988,-4.028799,-4.1587987,-3.3787987,-3.1387987,-4.4287987,-4.528799,-4.728799,-5.568799,-4.788799,-4.648799,-3.9887989,-3.958799,-0.56879884,0.14120117,1.2212012,0.45120117,-1.0787988,-0.80879885,0.86120117,0.37120116,0.29120117,0.04120117,-1.5787988,-0.5487988,-5.1187987,-6.128799,-6.728799,-7.298799,-7.668799,-7.6587987
-2.4787989,-2.2287989,-2.4887989,-2.8687987,-2.8087988,-2.9687989,-3.5087988,-3.3287988,-3.8287988,-4.458799,-4.4887986,-3.8687987,-4.3487988,-4.7187986,-5.048799,-5.3487988,-5.568799,-0.23879883,0.25120118,0.9812012,1.1612011,0.56120116,-1.4687989,-1.6087989,-2.1187987,-2.5187988,-3.0387988,-3.5687988,-3.9687989,-3.7587988,-3.448799,-3.2987988,-4.048799,-4.048799,-4.298799,-3.8087988,-3.5187988,-3.2287989,-3.4987988,-3.398799,0.31120118,-0.42879882,0.63120115,0.071201175,-0.9087988,0.22120117,-0.11879883,-0.80879885,-0.5487988,-0.07879883,-0.47879884,0.10120117,-6.818799,-7.1587987,-6.9487987,-7.148799,-7.378799,-8.078799
