public/json/wind_100m.json
{"header": { "discipline":0, "disciplineName":"Meteorological products", "gribEdition":2, "gribLength":79889, "center":7, "centerName":"US National Weather Service - NCEP(WMC)", "subcenter":0, "refTime":"2020-01-19T00:00:00.000Z", "significanceOfRT":1, "significanceOfRTName":"Start of forecast", "productStatus":0, "productStatusName":"Operational products", "productType":1, "productTypeName":"Forecast products", "productDefinitionTemplate":0, "productDefinitionTemplateName":"Analysis/forecast at horizontal level/layer at a point in time", "parameterCategory":2, "parameterCategoryName":"Momentum", "parameterNumber":3, "parameterNumberName":"V-component_of_wind", "parameterUnit":"m.s-1", "genProcessType":2, "genProcessTypeName":"Forecast", "forecastTime":0, "surface1Type":103, "surface1TypeName":"Specified height level above ground", "surface1Value":100.0, "surface2Type":255, "surface2TypeName":"Missing", "surface2Value":0.0, "gridDefinitionTemplate":0, "gridDefinitionTemplateName":"Latitude_Longitude", "numberPoints":65160, "shape":6, "shapeName":"Earth spherical with radius of 6,371,229.0 m", "gridUnits":"degrees", "resolution":48, "winds":"true", "scanMode":0, "nx":360, "ny":181, "basicAngle":0, "lo1":0.0, "la1":90.0, "lo2":359.0, "la2":-90.0, "dx":1.0, "dy":1.0 }, "data":
[rows 104 to 129 of 181, columns 116 to 173 of 360]
5.7179956,5.7979956,5.4579954,4.9479957,3.7879956,2.8579955,2.1079955,2.2279956,1.5779957,2.4879956,2.2879956,1.1379956,-1.1220044,0.4679956,0.8479956,-1.8420044,-1.0320044,-0.6720044,-0.8620044,-1.5020044,-0.7420044,-2.5320044,-4.2520046,-6.2520046,-4.5020046,-3.6320045,-2.4320045,-2.1820045,1.3279957,-1.8520044,-2.3220043,-0.8820044,-3.1220045,-0.9920044,-1.4720044,-1.3520044,0.0079956055,2.3379955,1.1979957,-1.9320045,-1.2920043,-2.5720043,-2.5020044,-1.1920044,-0.1920044,0.7879956,1.4179956,1.4579957,1.6179956,2.2679956,2.6279955,-0.20200439,6.5879955,7.6679955,2.0279956,3.2279956,3.3879957,3.6679957
4.1879954,4.4979954,5.1179957,3.6179955,1.4279956,1.3679956,0.36799562,0.33799562,1.8679956,1.5179956,1.7779956,1.5779957,1.6479956,0.4579956,0.027995605,0.09799561,-2.3220043,-1.3620044,0.077995606,-0.6020044,-1.3820044,-1.4020044,-3.8820045,-5.712004,-5.6220045,-4.942004,-4.2820044,-3.0920043,1.2779956,1.6079956,-0.5720044,-0.1720044,-2.5720043,-6.232004,-2.0920043,0.2179956,0.077995606,2.6879957,-0.3120044,-3.5520043,-3.4220045,-2.2620044,-2.8120043,-2.0220044,-0.6120044,0.6879956,0.9279956,0.8179956,1.9379956,1.8679956,0.6579956,0.4379956,5.8179955,6.6879954,4.6279955,4.7579956,6.0479956,6.537996
4.9579954,3.7979956,1.2479956,-1.0320044,-0.11200439,-0.44200438,-1.0820044,-0.7020044,0.1679956,-0.6520044,1.0079956,1.4479957,2.7779956,0.7579956,3.3379955,1.6079956,-1.3420044,-2.2420044,-0.5620044,0.9079956,0.4879956,-0.3320044,-3.3820045,-4.4320045,-3.5720043,-6.2620044,-5.1520042,-3.3920045,-0.4220044,1.7379956,-2.6420045,-1.8420044,-6.2420044,-1.9220043,0.5679956,0.15799561,1.4379956,-0.6520044,-2.3620043,-3.5020044,-4.9320045,-3.6720045,-3.4820044,-2.3120043,-1.0620044,1.2279956,1.5979956,2.1379957,0.8979956,1.7379956,2.9079957,2.0079956,1.5579956,5.9379954,5.6379957,5.5879955,6.2479954,6.0979958
3.5179956,1.0979956,2.7679956,1.6179956,-0.25200438,-1.8120044,1.6079956,2.2479956,1.8579956,-1.9120044,-1.5420043,2.0879955,3.6779957,3.6879957,4.7979956,3.7879956,0.047995605,-0.7320044,-0.8220044,1.3779956,-0.092004396,1.9079956,2.2079957,0.33799562,-3.8420043,-5.6620045,-2.8120043,-3.6420045,-2.2320044,-1.1520044,-1.3120044,0.5579956,-1.4920044,-0.3220044,-0.23200439,-1.1520044,-0.032004394,-2.3020043,-3.8520043,-5.8320045,-5.4320045,-5.2420044,-5.5720043,-3.4120045,-1.4220043,0.97799563,2.0279956,0.6879956,1.9579957,1.8479956,2.9979956,3.6379957,3.5079956,4.1379957,4.4079957,5.057996,5.2479954,4.7179956
4.1579957,4.2779956,5.6779957,5.8779955,5.3679957,2.2279956,-3.9520044,-4.7420044,-2.1820045,-2.2320044,0.6479956,1.1479956,4.0879955,4.6579957,5.6279955,6.6179957,2.1579957,-1.8620044,-2.9620044,-2.6720045,0.6279956,4.1979957,6.9779954,1.2779956,-1.2820044,-2.4020045,-2.9520044,-4.1420045,-4.8720045,-1.8220044,0.6179956,1.9279956,2.1679957,1.0179956,-1.2220044,-0.6120044,-1.5920044,-4.422004,-4.712004,-6.0920043,-5.7220044,-4.5220046,-4.7920046,-4.0320044,-1.8620044,-0.2920044,2.7179956,2.2579956,2.3079956,2.8379955,3.0879955,3.4979956,2.9779956,5.1179957,5.7379956,5.9079957,5.037996,4.1479955
5.1179957,3.2679956,3.1879957,4.4779954,4.7379956,-0.5520044,-7.4120045,-4.5520043,-3.2620044,-0.6120044,0.4379956,0.09799561,3.9179957,2.7779956,4.057996,7.2779956,3.4479957,-0.6520044,-4.2420044,2.2179956,5.4179955,3.8179955,3.8379955,-1.8520044,-0.8620044,-1.4920044,-4.982004,-5.6620045,-3.9720044,-3.8620043,-3.3820045,-0.9520044,-0.4520044,-1.5320044,0.057995606,-0.2920044,-1.6220044,-4.4320045,-5.1220045,-5.5720043,-3.8920045,-4.8920045,-4.5820045,-4.2520046,-2.6920044,-1.0120044,0.4579956,0.6079956,2.0779955,3.2279956,3.2679956,4.7379956,5.8879957,4.7779956,6.6979957,7.287996,6.9879956,6.8579955
4.807996,2.6079955,0.9379956,2.7579956,5.1379957,2.4779956,-3.7320044,-2.4120045,-2.8120043,-2.0220044,-0.3420044,-0.41200438,0.91799563,-0.1320044,1.8679956,7.0079956,3.0979955,2.0179956,1.5279956,-3.7120044,1.1179956,4.0679955,4.0979958,-0.11200439,0.36799562,-0.1420044,-6.3020043,-8.672005,-4.5320044,-6.1620045,-4.6020045,-3.2720044,-2.5120044,-3.1020043,-2.6520045,-2.5520043,-3.1620045,-3.8820045,-3.9820044,-5.3220043,-3.6720045,-4.1620045,-5.0720043,-4.8420043,-4.2920046,0.0079956055,-1.4120044,-2.0720043,0.1979956,2.5279956,3.5979955,4.4179955,5.3179955,5.3979955,5.1379957,5.1779957,5.4579954,6.5979958
2.4079957,2.2779956,5.7479954,3.9979956,4.8779955,4.0079956,0.5579956,-1.6220044,-1.7320044,-0.2720044,1.9679956,1.1479956,1.3379956,2.5779955,2.0479956,3.2179956,2.5079956,-2.6420045,-2.7020044,-1.8020043,1.7279956,6.3579955,7.1279955,4.1779957,1.8879956,2.6579957,-3.0220044,-6.0120044,-4.2920046,-3.8520043,-5.962004,-5.9720044,-4.4120045,-3.0420043,-5.1320043,-2.3320043,-5.172004,-3.6220045,-3.2420044,-4.5820045,-4.2220044,-5.5020046,-5.6120043,-5.2620044,-3.9020045,0.6179956,-0.4920044,-3.6920044,2.8279955,-1.3520044,3.7879956,4.3679957,4.6279955,5.4479957,5.1179957,4.7379956,5.0079956,5.1179957
-4.3420043,0.4379956,0.9979956,7.4379954,6.6879954,5.8779955,3.9879956,2.7879956,1.1479956,-0.5420044,-0.1720044,-2.1220045,2.5079956,1.7979956,-3.0720043,2.5179956,3.0079956,1.8779956,2.0079956,2.1979957,-2.8020043,3.4379957,6.6679955,5.3779955,2.5279956,1.1779956,-2.7820044,-4.1220045,-4.3520045,-5.4920044,-6.7820044,-6.7420044,-4.8420043,-3.6420045,-5.7920046,-4.3620043,-4.1020045,-5.5520043,-4.0120044,-3.7920043,-5.982004,-5.2720046,-5.5320044,-4.8020043,-2.3120043,-0.47200438,0.9579956,0.8879956,1.1179956,2.7079957,6.1779957,4.3479958,4.1779957,5.307996,4.767996,5.0479956,6.3479958,6.7779956
-3.4620044,0.8479956,2.2579956,4.6379957,3.8979957,4.4779954,5.1879954,6.2779956,6.4879956,5.7479954,0.3279956,0.8879956,-0.052004393,2.9979956,1.7579956,0.5379956,-1.7720044,-0.4220044,1.9079956,3.9979956,5.0279956,4.557996,6.7379956,9.037995,4.057996,1.7179956,-0.9420044,-3.9020045,-5.5320044,-5.7620044,-6.9020042,-6.3220043,-3.9820044,-5.5120044,-5.0020046,-5.692004,-5.3520045,-6.8420043,-4.732004,-4.6620045,-6.2420044,-4.6020045,-5.3020043,-5.2620044,-2.8020043,-1.7720044,-0.8720044,-0.3320044,0.9879956,1.3179955,1.7079957,2.9579957,4.7279954,5.537996,6.3579955,6.9779954,7.4379954,7.767996
2.1079955,-3.5720043,0.15799561,1.0879956,3.1279955,4.4079957,5.3579955,6.1579957,6.6379957,7.2579956,7.7979956,6.1879954,4.2179956,2.0079956,6.2779956,-2.5620043,-1.0420043,-1.1020044,-5.5720043,3.4879956,2.9179957,6.9379954,11.547996,9.467996,7.0079956,3.1879957,-0.1620044,-3.6820045,-7.232004,-6.8720045,-6.9920044,-3.8820045,-4.0920043,-1.8420044,-2.7120044,-3.7320044,-4.8320045,-5.942004,-7.1220045,-6.5720043,-7.2820044,-6.7220044,-6.0220046,-5.0920043,-4.0520043,-2.4120045,-1.1420044,-0.4820044,0.4279956,1.1379956,1.4179956,3.1379957,4.1179957,4.0479956,5.4579954,7.037996,7.2379956,7.077996
-1.7020044,-2.6520045,-1.1520044,0.6479956,2.0879955,3.3879957,5.3179955,5.5279956,6.3579955,7.4579954,7.7279954,7.5979958,6.017996,3.4279957,4.2979956,3.3279955,3.4779956,5.787996,7.0879955,5.9679956,7.3979955,6.6579957,1.5679955,5.6479955,7.6179957,5.057996,0.30799562,-4.172004,-8.132005,-7.1820045,-6.6420045,-5.8620043,-2.2420044,-1.3920044,-3.4320045,-0.8620044,-2.5720043,-6.2620044,-6.462004,-7.3120046,-8.112004,-7.212004,-6.6620045,-5.8920045,-4.7920046,-3.7120044,-2.3620043,-1.4820044,0.72799563,1.6979957,2.8479955,3.5179956,3.8979957,4.6079955,5.0979958,5.4379954,6.6279955,7.8379955
-1.8120044,-0.9620044,-0.022004394,0.5979956,2.3679955,3.2179956,4.2279954,5.5679955,6.017996,6.3679957,7.4179955,7.8979955,7.0979958,6.4479957,5.7279954,6.0079956,7.3579955,9.367995,8.657995,7.6079955,6.8779955,7.017996,5.4179955,4.9079957,6.2379956,5.8879957,2.3579955,-3.6320045,-7.4120045,-6.1220045,-5.7720046,-3.6520045,-1.4420044,0.5579956,-2.1220045,-1.1120044,-2.5920043,-3.7120044,-5.3120046,-8.012005,-9.362004,-8.682004,-7.4020042,-6.9920044,-5.5120044,-4.2220044,-2.8620043,-0.8620044,0.7179956,1.0879956,2.3479955,3.5079956,4.1979957,4.8179955,5.5079956,5.767996,7.0879955,8.467996
-1.5920044,-1.0720044,-0.6920044,0.2579956,0.4879956,1.7379956,3.1179955,4.8179955,5.8679957,6.6379957,7.3479958,7.537996,6.1079955,5.7979956,5.4379954,5.3979955,5.767996,6.787996,8.507996,8.167995,7.7079954,6.267996,5.9279957,2.8079956,1.0779957,3.9679956,4.1579957,-0.7820044,-5.3820043,-6.172004,-5.0120044,-1.6120044,-0.9720044,0.5279956,-1.0920044,-1.9120044,-1.3620044,-2.3520043,-4.6220045,-7.3220043,-8.842005,-8.432004,-7.8220043,-6.6020045,-5.8020043,-4.7520046,-3.5920043,-0.8720044,0.09799561,1.0879956,2.3879957,4.6279955,4.6379957,4.017996,5.287996,6.6079955,7.1379957,8.737995
-0.022004394,-0.2120044,-0.25200438,0.27799562,0.5479956,1.8079956,3.4879956,4.6279955,6.1179957,6.1579957,6.4879956,6.8379955,7.0679955,7.2279954,7.3379955,6.9179955,6.7379956,7.1579957,7.267996,7.9279957,8.837996,9.057996,6.5679955,4.6379957,0.4379956,-0.1420044,1.5379956,2.7379956,-4.0120044,-6.5020046,-4.942004,-1.4220043,1.0479956,1.2279956,-2.0220044,-3.4520044,-4.1420045,-1.0620044,-5.7920046,-7.8720045,-9.662004,-9.392004,-8.582005,-7.172004,-6.692004,-5.3820043,-3.1920044,-0.9320044,-0.5620044,0.4879956,2.2679956,2.5179956,3.6379957,4.767996,5.787996,6.3879957,7.3579955,8.907995
0.2179956,0.12799561,-0.18200439,0.6579956,0.4579956,3.7479956,3.9779956,5.5479956,7.5279956,8.097996,7.4779954,6.077996,5.9779954,6.3879957,5.9079957,5.7579956,7.287996,8.417995,9.287995,10.697995,9.197995,9.647996,6.4479957,0.6279956,1.2579956,1.0579956,0.5779956,1.1979957,-0.7120044,-6.7020044,-5.0420046,-1.2820044,0.6179956,-0.5920044,-3.7420044,-3.6420045,-2.3420043,-0.38200438,-1.2120044,-9.472004,-10.142004,-10.582005,-8.612004,-7.8220043,-6.5820045,-5.2020044,-2.8620043,-2.8720045,-1.5220044,0.4879956,1.2579956,2.4679956,4.327996,4.7379956,5.5979958,7.0979958,8.637996,10.247995
0.047995605,1.1479956,0.4379956,0.7979956,1.9779956,3.3579955,3.8179955,4.9279957,7.5879955,8.287995,6.4879956,5.5279956,5.7379956,6.3479958,5.9179955,6.577996,7.057996,7.577996,8.947995,8.707995,7.7379956,7.767996,8.847996,1.4079956,3.4479957,1.4379956,0.7179956,0.97799563,-1.2420044,-6.3620043,-4.692004,-1.5520043,-2.0120044,-2.3520043,-2.8820045,-2.3820045,-1.9020044,-2.2820044,-0.8620044,-10.902004,-10.972004,-10.152004,-8.352004,-7.172004,-6.2820044,-4.192004,-4.0420046,-3.3420043,-0.4520044,-0.4820044,0.7379956,3.1179955,5.1079955,5.557996,6.9579954,8.407995,8.667995,10.267996
-1.5820044,-0.4620044,0.49799562,1.2479956,2.4979956,2.7579956,3.9879956,4.787996,6.3479958,6.9379954,8.977996,6.0079956,5.5679955,5.2479954,5.3779955,6.517996,7.7079954,8.177996,8.957995,8.797996,8.097996,7.2579956,6.3779955,3.2479956,2.2479956,-0.032004394,0.9579956,2.4479957,-1.3620044,-7.0920043,-4.3820043,-2.6520045,-3.2420044,-2.8620043,0.3179956,-0.41200438,-0.6720044,1.6479956,-7.7220044,-11.072004,-10.492004,-9.262005,-7.712004,-7.4320045,-5.3820043,-4.2620044,-4.482004,-2.4620044,-1.1920044,-0.1620044,1.7179956,3.9679956,6.2379956,7.5679955,7.577996,7.517996,8.037995,9.017996
-1.9420044,-1.2720044,-0.3620044,0.7679956,1.5079956,1.5779957,2.3979957,4.2479954,6.4379954,7.3579955,7.8979955,7.767996,9.207995,5.5079956,3.6579957,4.4279957,5.5679955,6.9179955,7.9079957,9.337996,8.6279955,6.5079956,5.0279956,3.9279957,5.2379956,3.9079957,3.5779955,4.8979955,-1.5220044,-6.4520044,-4.962004,-2.8820045,-1.9020044,-1.4720044,1.7479956,2.2779956,1.8679956,1.5079956,-12.102004,-11.572004,-11.162004,-8.852004,-9.492004,-7.1520042,-5.7520046,-5.2420044,-4.7220044,-2.4920044,-1.4520044,0.117995605,2.3079956,3.6479957,5.557996,6.557996,7.2779956,7.2079954,7.6479955,6.9379954
-1.7420044,-2.0320044,-1.2220044,-0.062004395,0.8079956,1.8279957,2.7779956,4.787996,6.3679957,7.037996,9.027996,9.517996,9.337996,10.247995,9.727996,2.7079957,5.077996,6.3879957,7.7979956,7.807996,6.4679956,6.767996,5.2179956,2.7779956,6.7179956,5.4179955,3.6579957,1.7179956,2.2479956,-4.5620046,-4.0120044,-3.6020043,-4.0120044,-1.8520044,0.1679956,2.9779956,3.7679956,0.4279956,-14.132005,-12.332005,-10.782004,-10.732004,-8.802005,-8.082005,-6.1420045,-5.3720045,-3.9820044,-3.0120044,-1.5620044,0.6379956,1.6679956,3.5679955,5.6179957,6.7279954,7.3779955,6.9079957,7.3979955,5.9079957
-1.3820044,-0.9820044,-0.6820044,-0.3920044,1.4679956,2.4379957,3.3379955,4.5679955,5.7979956,6.9179955,8.397996,8.907995,10.047996,9.307996,10.697995,3.9479957,3.5279956,6.3679957,8.307996,9.147996,6.0079956,6.4879956,5.5479956,4.4379954,4.9779954,5.5279956,3.9979956,2.7179956,0.15799561,-5.7420044,-6.0920043,-6.2220044,-4.1120043,-2.0320044,-1.2020044,2.5079956,7.0979958,-4.2020044,-1.8120044,-10.532004,-12.022004,-10.732004,-9.172005,-7.732004,-7.8220043,-5.8420043,-4.3120046,-3.3220043,-1.1520044,0.4579956,1.6879956,4.2579956,5.7379956,6.8879957,7.2779956,7.017996,6.827996,3.4379957
-1.0920044,-0.6220044,-0.6420044,-0.07200439,1.3279957,2.7079957,2.4979956,3.6179955,4.8779955,7.6179957,7.577996,8.397996,9.837996,10.327995,11.047996,4.0679955,0.7579956,4.7779956,7.7479954,9.067996,8.797996,5.2479954,7.5879955,5.6979957,5.3379955,3.7179956,3.0379956,2.6279955,0.8679956,-7.2520046,-5.8420043,-5.482004,-3.4620044,-1.4120044,-2.3220043,1.6779956,3.8479955,-2.5120044,-10.702004,-9.042005,-12.522004,-10.752005,-9.342005,-8.282004,-7.942004,-7.1020045,-5.7420044,-3.9820044,-1.7420044,-0.7220044,2.1479957,4.077996,6.0479956,7.2579956,7.6579957,7.9779954,7.7979956,8.707995
-0.6420044,-1.0920044,-0.9820044,1.5579956,3.0879955,4.057996,5.2779956,5.6479955,6.6479955,7.2079954,8.087996,9.287995,8.947995,10.547996,11.567996,7.7479954,-0.7420044,3.1379957,7.0479956,9.777996,9.637996,5.8979955,7.6579957,4.6779957,3.0279956,2.9679956,2.5279956,1.9879956,0.72799563,-4.7420044,-5.4720044,-3.9920044,-0.3620044,-1.0620044,-0.25200438,2.3679955,-2.5020044,3.1479957,-10.322004,-13.252005,-13.192004,-11.3720045,-10.322004,-9.222004,-7.482004,-6.6520042,-5.6120043,-4.192004,-2.0520043,-1.0720044,1.3379956,3.6379957,5.4679956,6.7179956,8.067996,8.427996,8.277996,6.057996
0.7879956,-0.1920044,0.3179956,1.0979956,2.5879955,3.1279955,3.6879957,5.2579956,6.4579954,7.6079955,8.497995,9.047996,7.9379954,9.6279955,11.757996,7.5679955,0.4679956,1.1479956,6.1979957,8.817996,9.677996,9.847996,11.817996,9.007996,4.5279956,2.9379957,2.0679955,0.4079956,-2.7920043,-4.5320044,-4.6120043,-2.9820044,-0.9620044,-1.9920044,2.8979957,-3.1520045,-4.0720043,1.5879956,-7.8220043,-17.152004,-14.532004,-10.962005,-10.332005,-8.792005,-8.102004,-6.8920045,-5.9720044,-5.0020046,-2.7220044,-1.8920044,0.4179956,3.1779957,4.8379955,6.1979957,7.3379955,8.327995,8.717996,6.9779954
-0.0820044,0.1779956,0.5879956,1.0179956,0.8679956,2.3979957,3.8479955,5.037996,6.0679955,6.9779954,7.9479957,8.017996,8.537995,9.087996,10.617995,12.467996,3.4779956,0.9379956,4.557996,8.087996,9.227996,10.937996,11.357996,11.157995,10.067996,3.5679955,1.3379956,2.0679955,3.6279955,2.5379956,1.0279956,1.5179956,-1.4420044,-0.41200438,-2.7120044,-3.4620044,-2.7820044,-0.5620044,-4.0820045,-9.762005,-9.952004,-9.852004,-9.042005,-8.792005,-7.8320045,-6.8420043,-5.9120045,-4.5220046,-3.0120044,-2.0420043,0.3479956,2.8679955,4.2279954,5.8879957,6.3179955,6.807996,8.567996,7.9579954
-0.1320044,-1.0320044,0.0879956,0.7579956,1.2079957,2.0379956,2.6979957,3.9479957,5.5979958,5.6679955,6.6079955,7.4479957,8.697995,8.157995,8.687996,9.387996,10.757996,0.4379956,2.6479957,5.827996,7.3879957,9.157995,11.267996,11.107996,10.927996,4.2479954,4.1179957,4.2579956,3.1079955,1.2879956,-0.2220044,-0.4020044,-0.2620044,-0.052004393,1.4279956,-0.44200438,-3.5020044,-2.4920044,2.6679957,-9.712005,-10.632005,-10.702004,-9.212005,-7.7820044,-7.8120046,-6.482004,-4.5620046,-2.9720044,-2.1020043,-1.7620044,0.10799561,2.5079956,4.057996,4.1579957,5.1679955,5.4379954,6.4079957,10.407995
