public/json/wind_6000m.json
{"header": { "discipline":0, "disciplineName":"Meteorological products", "gribEdition":2, "gribLength":86288, "center":7, "centerName":"US National Weather Service - NCEP(WMC)", "subcenter":0, "refTime":"2020-05-10T12:00:00.000Z", "significanceOfRT":1, "significanceOfRTName":"Start of forecast", "productStatus":0, "productStatusName":"Operational products", "productType":1, "productTypeName":"Forecast products", "productDefinitionTemplate":0, "productDefinitionTemplateName":"Analysis/forecast at horizontal level/layer at a point in time", "parameterCategory":2, "parameterCategoryName":"Momentum", "parameterNumber":3, "parameterNumberName":"V-component_of_wind", "parameterUnit":"m.s-1", "genProcessType":2, "genProcessTypeName":"Forecast", "forecastTime":0, "surface1Type":102, "surface1TypeName":"Specific altitude above mean sea level", "surface1Value":3658.0, "surface2Type":255, "surface2TypeName":"Missing", "surface2Value":0.0, "gridDefinitionTemplate":0, "gridDefinitionTemplateName":"Latitude_Longitude", "numberPoints":65160, "shape":6, "shapeName":"Earth spherical with radius of 6,371,229.0 m", "gridUnits":"degrees", "resolution":48, "winds":"true", "scanMode":0, "nx":360, "ny":181, "basicAngle":0, "lo1":0.0, "la1":90.0, "lo2":359.0, "la2":-90.0, "dx":1.0, "dy":1.0 }, "data":
[rows 104 to 129 of 181, columns 0 to 58 of 360]
-3.0838158,-2.8338158,-2.8038158,-2.613816,-2.503816,-2.5438159,-2.623816,-2.613816,-3.5838158,-4.603816,-6.023816,-7.343816,-8.153816,-6.843816,-3.363816,-5.223816,-4.453816,-2.963816,-3.003816,-2.473816,-2.0438159,-2.893816,-3.2838159,-0.7938159,1.5261841,5.116184,7.296184,7.5761843,8.886184,7.866184,7.176184,5.3461843,4.546184,2.636184,2.4261842,1.336184,0.4261841,-0.94381595,-2.713816,-3.2938159,-4.203816,-4.143816,-3.893816,-2.2638159,-3.5738158,-3.0938158,-1.913816,-1.2738159,-0.15381593,2.506184,1.1561841,1.826184,3.086184,1.0361841,0.92618406,0.54618406,0.40618408,-0.22381592,0.28618407
-2.893816,-3.403816,-4.273816,-3.893816,-2.5238159,-1.4038159,-1.3738159,-1.6338159,-3.403816,-5.233816,-5.733816,-6.743816,-7.073816,-7.233816,-7.243816,-4.723816,-3.8438158,-5.063816,-5.093816,-3.5638158,-4.503816,-4.123816,-2.7738159,0.24618408,1.6061841,4.266184,8.106184,8.876184,7.626184,5.416184,4.316184,4.066184,3.876184,3.1961842,2.9761841,1.3461841,-0.5338159,-1.4838159,-1.4938159,-2.463816,-3.5338159,-3.993816,-4.2138157,-4.203816,-3.0338159,-3.213816,-2.5238159,-1.8738159,-0.95381594,0.24618408,1.826184,0.73618406,1.186184,1.6061841,0.5161841,0.44618407,0.4261841,0.3961841,0.6961841
-4.6938157,-4.473816,-3.663816,-2.5838158,-1.673816,0.46618408,0.98618406,0.73618406,-0.69381595,-3.253816,-3.193816,-4.6738157,-5.613816,-5.603816,-4.933816,-2.8438158,-3.653816,-3.923816,-4.233816,-5.003816,-3.5638158,-4.9638157,-2.493816,-1.3738159,0.8861841,2.6761842,4.706184,4.026184,2.4061842,1.446184,3.316184,2.4361842,3.586184,3.286184,4.0561843,3.266184,1.7961841,1.7861841,-1.563816,-2.8438158,-2.0138159,-2.5938158,-4.143816,-4.543816,-4.183816,-1.7438159,-2.243816,-1.8738159,-1.2638159,-0.20381592,1.1361841,1.956184,0.5161841,-0.053815916,1.0061841,1.056184,-0.17381592,-0.08381592,0.8761841
-3.863816,-3.5938158,-3.5338159,-1.8938159,-0.7138159,0.37618408,1.086184,1.586184,1.436184,-1.1038159,-1.573816,-2.7738159,-4.303816,-4.523816,-3.873816,-3.7738159,-4.003816,-3.693816,-4.333816,-3.8338158,-5.473816,-3.103816,-2.0738158,-2.213816,-0.15381593,2.766184,0.5161841,-0.47381592,-1.413816,1.676184,2.4361842,2.876184,3.836184,4.946184,3.9561841,3.006184,3.886184,3.4361842,2.356184,-3.473816,-3.623816,-2.643816,-3.503816,-4.323816,-4.563816,-2.753816,-0.82381594,-0.6738159,0.6361841,1.316184,2.316184,0.6461841,0.66618407,0.7561841,0.4861841,0.17618409,0.61618406,-0.003815918,-0.093815915
-3.673816,-4.313816,-3.713816,-2.213816,-1.2338159,0.18618408,1.1461841,0.6961841,0.24618408,0.98618406,0.37618408,-0.7838159,-2.0938158,-2.643816,-4.6538157,-5.863816,-5.953816,-4.863816,-4.163816,-3.8438158,-3.653816,-5.043816,-3.623816,0.7061841,-1.0138159,-0.28381592,1.326184,-2.7738159,1.7661841,2.9161842,3.086184,2.366184,3.586184,4.046184,4.796184,4.046184,2.326184,4.086184,0.61618406,-0.9938159,-2.853816,-1.8638159,-4.253816,-5.753816,-1.943816,-3.353816,-1.3438159,-0.44381592,0.34618407,1.826184,2.616184,2.046184,0.80618405,1.6661841,1.6161841,1.2961841,1.426184,0.98618406,0.5961841
-4.283816,-2.983816,-2.873816,-2.5638158,-1.443816,-0.3238159,0.22618409,0.3661841,0.18618408,1.5161841,1.1161841,-0.43381593,-2.8138158,-2.933816,-4.473816,-6.033816,-5.753816,-3.0838158,-3.653816,-3.953816,-3.493816,-3.0438159,-1.053816,-1.4938159,0.5361841,-0.63381594,-4.393816,0.016184082,2.326184,4.006184,3.7161841,4.316184,5.3261843,6.176184,6.836184,4.726184,1.5061841,0.79618406,0.15618408,-1.5338159,-3.5138159,-3.373816,-3.983816,-5.073816,-2.993816,-2.903816,-0.70381594,0.19618408,3.096184,2.526184,2.2061841,3.766184,1.6161841,2.066184,1.9061841,1.9061841,1.7461841,1.556184,1.206184
-4.4238157,-3.603816,-2.5638158,-2.0338159,-0.3638159,1.1661841,1.7661841,1.9661841,1.7561841,2.046184,1.316184,0.92618406,-0.3938159,-1.683816,-3.963816,-4.583816,-4.893816,-6.003816,-4.733816,-3.7938159,-2.933816,-2.753816,-2.5538158,-1.063816,-1.8838159,-2.003816,1.1061841,2.096184,3.9561841,2.306184,4.386184,6.3461843,8.8361845,7.0561843,6.906184,5.276184,3.516184,1.6361841,-0.6138159,-1.0938159,-3.253816,-4.633816,-3.8038158,-3.703816,-4.6938157,-5.333816,-2.353816,0.5961841,2.1561842,2.1961842,1.186184,2.336184,0.8161841,2.506184,4.336184,1.7561841,1.7761841,2.256184,2.066184
-5.013816,-4.543816,-2.993816,-1.4038159,0.20618409,1.336184,2.826184,2.606184,2.526184,1.9161841,1.056184,2.4561841,-0.51381594,-2.673816,-4.563816,-5.583816,-5.643816,-5.393816,-4.823816,-4.543816,-4.053816,-3.133816,-1.693816,-1.7638159,-2.2638159,-0.24381591,1.4961841,2.1961842,-0.6538159,3.4361842,6.776184,7.696184,7.616184,6.416184,6.526184,7.566184,3.796184,1.2961841,-0.40381593,-1.5238159,-3.3138158,-3.913816,-3.983816,-3.613816,-3.643816,-3.0338159,-1.543816,-0.5538159,0.4861841,0.80618405,2.106184,1.3861841,2.746184,4.976184,4.8061843,2.9761841,1.836184,2.256184,3.346184
-5.103816,-5.343816,-3.5138159,-1.303816,0.61618406,2.086184,2.6561842,2.9761841,2.4861841,1.5461841,0.4561841,-0.9938159,-0.023815919,-0.52381593,-0.88381594,-5.293816,-5.703816,-5.053816,-5.373816,-5.343816,-4.683816,-2.893816,-2.7738159,-3.733816,-2.2738159,0.3261841,1.946184,-1.173816,1.1261841,4.356184,7.656184,7.086184,6.506184,7.756184,8.096184,6.366184,3.836184,2.7261841,0.5261841,-3.363816,-3.5338159,-4.363816,-3.893816,-2.953816,-2.3038158,-1.5838159,-0.7338159,0.2661841,0.25618407,0.4261841,2.9861841,4.166184,4.646184,4.7861843,4.276184,4.146184,3.606184,3.576184,3.4261842
-5.413816,-5.273816,-3.8238158,-2.2838159,0.3561841,2.536184,3.566184,3.516184,3.1761842,1.586184,-0.2938159,-0.5438159,-2.633816,-2.163816,-2.163816,-0.40381593,-4.293816,-5.1738157,-5.633816,-5.023816,-3.403816,-3.503816,-4.143816,-3.5438159,-1.313816,-1.553816,-4.023816,0.23618408,3.2061841,5.086184,5.8261843,6.796184,5.796184,6.946184,6.886184,5.8061843,4.356184,3.6861842,2.096184,0.026184082,-1.8338159,-2.0138159,-1.303816,-1.4738159,-1.5238159,-0.95381594,0.10618408,0.116184086,-0.08381592,2.106184,3.246184,5.106184,6.216184,5.866184,5.716184,5.026184,4.5361843,3.7161841,3.4661841
-6.433816,-5.953816,-4.4638157,-2.903816,-0.5338159,2.4661841,3.076184,2.7161841,2.566184,2.366184,0.4861841,-1.563816,-3.453816,-2.963816,-1.4638159,-0.27381593,-4.7138157,-4.4438157,-5.053816,-4.643816,-4.523816,-4.833816,-3.653816,-2.243816,-1.7138159,-2.863816,-1.163816,-0.46381593,4.0561843,3.6561842,5.0361843,5.706184,4.466184,5.5961843,4.746184,5.486184,4.876184,3.996184,1.7861841,0.086184084,2.2261841,2.856184,2.516184,1.8761841,0.9561841,1.576184,2.7061841,3.256184,3.086184,3.9261842,6.376184,7.406184,7.966184,7.5961843,6.276184,6.026184,5.166184,5.336184,5.416184
-7.483816,-6.343816,-5.253816,-3.7638159,-1.4038159,0.54618406,2.026184,1.6361841,2.9561841,1.8961841,0.2661841,-1.7138159,-2.723816,-4.523816,-3.153816,-2.243816,-1.943816,-5.293816,-5.803816,-5.243816,-5.483816,-4.883816,-3.143816,-3.0138159,-2.943816,-1.7338159,-1.2238159,0.80618405,0.8961841,2.516184,6.876184,5.336184,3.6861842,3.4861841,3.4261842,2.9361842,1.0961841,1.1361841,2.576184,4.856184,5.986184,6.176184,5.5961843,2.776184,1.9661841,1.9661841,2.846184,3.586184,4.396184,5.856184,6.886184,7.956184,8.416184,8.036184,7.446184,6.746184,5.666184,5.026184,5.946184
-8.083816,-6.7138157,-6.023816,-4.6738157,-3.0138159,-0.6238159,0.7461841,0.8761841,2.266184,1.4961841,-0.8738159,-1.163816,-2.0638158,-4.613816,-4.703816,-2.363816,-1.5238159,-6.023816,-6.783816,-6.2138157,-4.663816,-4.1738157,-4.053816,-3.113816,-2.8238158,-2.623816,-1.5038159,-0.34381592,1.3961841,2.796184,3.9361842,4.7861843,3.746184,2.006184,1.576184,2.116184,-0.82381594,-0.51381594,3.1861842,6.216184,6.706184,5.546184,4.086184,2.7161841,2.626184,2.1961842,3.146184,4.016184,4.636184,5.3261843,6.776184,8.576184,8.616184,8.126184,8.076184,7.216184,6.546184,6.976184,7.2861843
-8.303816,-7.733816,-5.743816,-5.033816,-3.603816,-1.9738159,-0.7238159,0.3961841,1.3561841,0.4861841,-1.293816,-1.4938159,-3.8138158,-4.553816,-4.503816,-3.003816,-2.483816,-7.343816,-8.143816,-6.563816,-5.983816,-4.343816,-2.5538158,-3.113816,-3.0738158,-2.923816,-3.0138159,-1.313816,-0.3238159,1.7161841,4.156184,4.226184,3.396184,2.256184,0.8961841,0.6261841,1.436184,2.266184,4.156184,4.8061843,3.266184,1.8561841,2.016184,2.346184,2.1661842,2.1961842,3.246184,3.6861842,4.396184,4.626184,6.586184,8.236184,8.3361845,9.026184,8.606184,8.806184,8.236184,7.666184,8.096184
-9.073816,-7.983816,-6.433816,-4.9238157,-3.7838159,-2.2738159,-0.9338159,-0.4538159,-0.8738159,-0.3838159,-1.5838159,-3.3138158,-5.233816,-6.1938157,-5.823816,-6.003816,-5.7138157,-4.9238157,-7.043816,-5.4238157,-5.133816,-4.993816,-3.5638158,-4.323816,-2.993816,-5.163816,-3.5838158,-1.7238159,-1.1338159,1.0061841,1.706184,3.1961842,3.296184,2.2061841,1.8761841,1.4061841,1.826184,2.616184,2.806184,2.106184,1.5961841,1.6361841,2.556184,2.856184,2.1661842,3.106184,3.606184,4.486184,4.926184,4.926184,6.8061843,7.266184,7.236184,7.8461843,7.956184,7.836184,8.346184,8.296185,7.936184
-9.343816,-9.023816,-7.093816,-5.103816,-4.393816,-2.243816,-0.94381595,-1.313816,-3.213816,-2.203816,-3.103816,-5.383816,-6.603816,-7.573816,-7.733816,-6.253816,-3.933816,-4.813816,-6.373816,-6.163816,-6.103816,-5.063816,-3.8238158,-5.083816,-4.073816,-4.023816,-3.753816,-2.0838158,-1.173816,-0.24381591,0.5161841,1.326184,1.7861841,0.98618406,0.30618408,0.036184084,0.056184083,0.46618408,0.8361841,0.9561841,0.7161841,0.6361841,1.306184,3.326184,4.256184,4.446184,4.636184,4.976184,5.386184,5.966184,6.616184,7.106184,7.726184,8.816184,9.296185,8.486184,8.966184,8.296185,8.376184
-7.113816,-8.903816,-8.4138155,-6.283816,-4.9438157,-3.2938159,-2.223816,-1.5338159,-5.433816,-4.293816,-3.743816,-5.733816,-8.563816,-8.903816,-8.513816,-6.593816,-5.413816,-5.4038157,-5.953816,-5.373816,-5.293816,-4.733816,-5.6938157,-5.133816,-3.953816,-4.203816,-3.8138158,-1.9838159,-1.053816,-1.673816,-0.37381592,-0.023815919,1.086184,1.3761841,1.1361841,0.92618406,0.7661841,0.92618406,1.2761841,1.826184,2.756184,2.9461842,3.576184,5.106184,6.266184,6.796184,7.316184,8.076184,7.906184,8.436184,8.976184,9.186184,9.956184,10.246184,9.986184,9.476184,9.216184,8.386184,8.8361845
-6.393816,-6.233816,-8.573816,-7.623816,-6.343816,-4.063816,-3.153816,-3.0638158,-6.643816,-6.763816,-5.483816,-6.773816,-8.513816,-8.603816,-9.023816,-8.383816,-6.793816,-6.233816,-6.4638157,-5.543816,-3.703816,-4.263816,-4.813816,-4.453816,-3.363816,-3.703816,-2.723816,-2.003816,-1.6038159,-1.4038159,-1.4838159,-1.043816,0.19618408,0.15618408,0.27618408,0.41618407,0.5961841,0.5261841,1.0361841,1.686184,2.256184,4.176184,6.156184,7.736184,8.626184,9.186184,9.816184,9.606184,9.466184,9.116184,8.5861845,7.8061843,8.946184,9.976184,10.606184,9.676184,9.546185,8.596184,8.036184
-5.263816,-6.303816,-5.333816,-7.353816,-7.553816,-6.043816,-4.353816,-3.743816,-6.393816,-8.143816,-7.103816,-7.203816,-8.283816,-9.533816,-8.873816,-9.113816,-9.263816,-8.193816,-6.503816,-6.303816,-4.753816,-3.8238158,-3.403816,-3.3138158,-2.613816,-2.953816,-2.403816,-2.173816,-1.9738159,-1.5238159,-1.323816,-1.3538159,-1.3838159,-1.4938159,-1.0138159,-0.7338159,-0.6238159,-0.10381592,0.056184083,1.2261841,3.266184,5.3261843,7.5761843,9.866184,9.846184,9.806184,9.746184,9.996184,9.8361845,10.196184,10.286184,9.826184,10.216184,10.196184,9.826184,9.406184,7.966184,7.316184,6.856184
-1.9038159,-5.093816,-5.853816,-5.273816,-6.323816,-7.543816,-6.873816,-5.773816,-6.6738157,-9.343816,-8.873816,-8.153816,-8.063816,-9.483816,-10.033816,-9.543816,-9.183816,-8.543816,-7.413816,-6.163816,-5.363816,-4.6938157,-2.853816,-2.113816,-2.233816,-2.893816,-2.5338159,-3.223816,-3.123816,-1.933816,-0.7838159,-1.0838159,-1.5038159,-2.5238159,-2.453816,-1.4938159,-1.5138159,-1.8738159,-0.43381593,1.5061841,3.626184,5.666184,7.776184,8.186184,8.636184,8.596184,9.596184,10.426184,11.026184,11.786184,11.066184,10.966184,10.5861845,10.936184,11.376184,12.066184,9.626184,7.416184,6.376184
-2.883816,-4.733816,-5.883816,-5.683816,-6.003816,-6.1938157,-7.4638157,-7.383816,-7.593816,-8.453815,-10.103816,-10.283816,-8.273816,-8.853816,-10.503816,-10.773816,-10.643816,-9.943816,-8.503816,-7.773816,-5.383816,-4.773816,-3.503816,-2.493816,-2.493816,-2.683816,-2.443816,-2.493816,-2.2738159,-1.7638159,-1.4838159,-1.813816,-1.7438159,-2.2638159,-3.433816,-3.433816,-2.393816,-0.8538159,0.6261841,2.286184,3.896184,5.706184,7.986184,8.436184,8.236184,9.306184,9.466184,10.456184,13.706184,15.966184,15.426184,13.306184,12.3361845,12.096184,12.826184,14.136184,11.826184,6.836184,6.5761843
-3.7938159,-4.813816,-4.973816,-4.6538157,-4.603816,-6.143816,-6.883816,-8.463816,-8.833816,-8.933816,-9.973816,-10.793816,-11.353816,-9.343816,-8.823816,-9.893816,-11.113816,-10.653816,-10.023816,-8.343816,-7.023816,-6.083816,-4.4038157,-2.863816,-2.213816,-2.623816,-3.103816,-2.3138158,-1.8938159,-2.243816,-1.7738159,-1.0938159,-0.8138159,-0.9138159,-1.4538159,-2.233816,-3.253816,-1.053816,-0.023815919,1.446184,3.516184,5.986184,7.706184,8.556184,8.876184,8.3361845,8.926184,8.476184,10.996184,13.436184,14.536184,15.026184,14.346184,13.826184,14.936184,13.816184,10.896184,6.506184,4.236184
-11.523816,-4.203816,-2.973816,-4.183816,-4.863816,-4.893816,-5.813816,-8.853816,-10.083816,-10.033816,-10.353816,-10.623816,-10.623816,-11.433816,-10.153816,-9.543816,-9.203815,-10.793816,-10.173816,-8.713816,-7.1738157,-5.553816,-4.273816,-3.5338159,-3.403816,-2.643816,-2.3238158,-2.893816,-2.903816,-2.223816,-1.6338159,-0.9738159,-0.77381593,-0.40381593,-0.19381592,-0.4538159,-1.1038159,-1.7638159,-0.64381593,0.6261841,2.1861842,3.536184,5.446184,6.126184,7.0761843,7.646184,9.676184,9.716184,11.756184,13.786184,13.366184,14.736184,14.326184,15.916184,16.166183,12.146184,10.006184,8.546185,6.3461843
-4.143816,-1.6238159,-2.433816,-2.2938159,-2.423816,-4.353816,-5.4238157,-8.323816,-10.243816,-11.423816,-11.193816,-11.233816,-11.513816,-10.793816,-11.473816,-10.843816,-9.353816,-9.003816,-9.803816,-8.9138155,-7.553816,-5.573816,-4.083816,-3.393816,-2.863816,-2.383816,-2.3438158,-1.9838159,-2.0438159,-1.413816,-0.5638159,-0.5038159,-0.40381593,0.5061841,0.056184083,-0.17381592,-0.8438159,0.09618408,1.0461841,1.3461841,1.326184,2.306184,3.756184,5.666184,8.546185,10.256184,11.446184,12.956184,13.406184,13.526184,12.666184,15.226184,14.076184,16.046185,14.806184,10.686184,10.046185,9.796185,8.156184
-6.333816,-5.853816,-5.513816,-4.563816,-3.403816,-3.953816,-7.473816,-7.913816,-9.323816,-10.253816,-10.953815,-11.713816,-10.883816,-10.793816,-11.463816,-11.273816,-10.543816,-10.1638155,-9.093816,-8.073816,-7.223816,-6.433816,-4.853816,-3.853816,-3.133816,-2.8038158,-2.173816,-2.253816,-2.5238159,-1.413816,-0.5938159,-0.12381592,2.036184,1.7761841,-0.14381592,-1.8938159,-1.803816,-1.2438159,0.98618406,1.196184,0.86618406,1.5061841,4.5761843,6.586184,8.966184,10.376184,11.446184,13.036184,14.886184,15.206184,14.916184,14.226184,12.376184,14.036184,13.376184,11.416184,9.886184,9.846184,10.386184
-5.7138157,-5.953816,-6.133816,-5.613816,-7.553816,-6.263816,-7.043816,-7.6738157,-8.733816,-9.393816,-9.003816,-11.613816,-11.293816,-10.613816,-10.003816,-9.963816,-10.423816,-10.273816,-9.713816,-9.093816,-7.9438157,-6.913816,-5.103816,-3.973816,-3.703816,-3.423816,-2.443816,-1.563816,-1.7638159,-2.483816,-1.7538159,0.2961841,1.306184,1.5961841,0.25618407,-2.413816,-1.8838159,0.92618406,1.8861841,1.3861841,2.086184,2.9261842,6.356184,8.096184,10.296185,11.236184,11.286184,12.726184,14.036184,15.206184,14.876184,13.566184,10.226184,12.146184,13.166184,10.726184,9.556184,9.186184,9.3361845
