public/json/wind_10m.json
{"header": { "discipline":0, "disciplineName":"Meteorological products", "gribEdition":2, "gribLength":77760, "center":7, "centerName":"US National Weather Service - NCEP(WMC)", "subcenter":0, "refTime":"2020-01-19T00:00:00.000Z", "significanceOfRT":1, "significanceOfRTName":"Start of forecast", "productStatus":0, "productStatusName":"Operational products", "productType":1, "productTypeName":"Forecast products", "productDefinitionTemplate":0, "productDefinitionTemplateName":"Analysis/forecast at horizontal level/layer at a point in time", "parameterCategory":2, "parameterCategoryName":"Momentum", "parameterNumber":3, "parameterNumberName":"V-component_of_wind", "parameterUnit":"m.s-1", "genProcessType":2, "genProcessTypeName":"Forecast", "forecastTime":0, "surface1Type":103, "surface1TypeName":"Specified height level above ground", "surface1Value":10.0, "surface2Type":255, "surface2TypeName":"Missing", "surface2Value":0.0, "gridDefinitionTemplate":0, "gridDefinitionTemplateName":"Latitude_Longitude", "numberPoints":65160, "shape":6, "shapeName":"Earth spherical with radius of 6,371,229.0 m", "gridUnits":"degrees", "resolution":48, "winds":"true", "scanMode":0, "nx":360, "ny":181, "basicAngle":0, "lo1":0.0, "la1":90.0, "lo2":359.0, "la2":-90.0, "dx":1.0, "dy":1.0 }, "data":
[rows 0 to 25 of 181, columns 116 to 173 of 360]
-1.2487988,-1.3287988,-1.4087988,-1.4887989,-1.5687988,-1.6387988,-1.7187989,-1.7987988,-1.8687989,-1.9487988,-2.0187988,-2.0987988,-2.168799,-2.2387989,-2.3187988,-2.3887987,-2.458799,-2.5287988,-2.5987988,-2.668799,-2.7287989,-2.7987988,-2.8687987,-2.928799,-2.9887989,-3.0587988,-3.1187987,-3.178799,-3.2387989,-3.2987988,-3.3587987,-3.418799,-3.4687989,-3.5287988,-3.5787988,-3.6287987,-3.688799,-3.7387989,-3.7887988,-3.8387988,-3.8787987,-3.928799,-3.9687989,-4.018799,-4.058799,-4.0987988,-4.1387987,-4.1787987,-4.2187986,-4.248799,-4.288799,-4.318799,-4.358799,-4.3887987,-4.418799,-4.438799,-4.4687986,-4.498799
0.10120117,0.08120117,0.06120117,0.04120117,0.021201171,0.0012011719,-0.028798828,-0.058798827,-0.07879883,-0.10879883,-0.13879883,-0.17879882,-0.20879883,-0.25879884,-0.29879883,-0.33879882,-0.38879883,-0.43879882,-0.48879883,-0.5487988,-0.6087988,-0.68879884,-0.7687988,-0.8387988,-0.92879885,-1.0087988,-1.0887989,-1.1687988,-1.2487988,-1.3187988,-1.3887988,-1.4587989,-1.5387988,-1.5987989,-1.6787988,-1.7487988,-1.8087988,-1.8687989,-1.9287988,-1.9987988,-2.0587988,-2.1287987,-2.208799,-2.2787988,-2.3687987,-2.438799,-2.5187988,-2.5987988,-2.678799,-2.7587988,-2.8487988,-2.928799,-3.0187988,-3.0987988,-3.188799,-3.2687988,-3.3587987,-3.448799
0.81120116,0.76120114,0.7212012,0.68120116,0.63120115,0.5912012,0.5412012,0.51120114,0.46120116,0.41120118,0.36120117,0.32120118,0.28120118,0.23120117,0.19120117,0.15120117,0.14120117,0.13120118,0.111201175,0.09120117,0.08120117,0.10120117,0.13120118,0.15120117,0.15120117,0.15120117,0.13120118,0.12120117,0.10120117,0.09120117,0.071201175,0.04120117,0.0012011719,-0.038798828,-0.08879883,-0.15879883,-0.23879883,-0.32879883,-0.42879882,-0.5287988,-0.63879883,-0.74879885,-0.8487988,-0.94879884,-1.0487988,-1.1387988,-1.2187989,-1.2987988,-1.3887988,-1.4487988,-1.5087988,-1.5587988,-1.6287988,-1.6787988,-1.7387989,-1.7887988,-1.8487989,-1.9287988
2.5212011,2.7012012,2.9012012,3.061201,3.1512012,3.2312012,3.301201,3.331201,3.3712013,3.4012012,3.4212012,3.4512012,3.4912012,3.541201,3.581201,3.6412013,3.6812012,3.7012012,3.7112012,3.7212012,3.7412012,3.7512012,3.7512012,3.7412012,3.7212012,3.6912012,3.6512012,3.6112013,3.571201,3.5312011,3.4812012,3.4412012,3.3812013,3.321201,3.2612011,3.1912012,3.081201,2.9812012,2.8812013,2.791201,2.7112012,2.6412013,2.551201,2.4612012,2.3712013,2.2712011,2.1412013,2.0112011,1.8712012,1.7112012,1.5512012,1.3712012,1.1712012,0.9812012,0.7912012,0.5912012,0.41120118,0.24120118
3.0312011,3.101201,3.1812012,3.2412012,3.301201,3.351201,3.3912013,3.4212012,3.4612012,3.5012012,3.5312011,3.571201,3.601201,3.6312013,3.6512012,3.6712012,3.6812012,3.6912012,3.7112012,3.7412012,3.7612011,3.791201,3.821201,3.841201,3.8612013,3.8712013,3.8712013,3.9012012,3.9312012,3.9412012,3.9412012,3.9412012,3.9312012,3.9412012,3.9212012,3.8912013,3.8612013,3.821201,3.7712011,3.7012012,3.6212013,3.5212011,3.4212012,3.311201,3.1912012,3.071201,2.9512012,2.831201,2.7112012,2.581201,2.4412012,2.301201,2.1412013,1.9812012,1.8112012,1.6312011,1.4412012,1.2512012
2.9312012,3.1112013,3.311201,3.5012012,3.6712012,3.831201,3.9412012,4.061201,4.1512012,4.2412014,4.3212013,4.3812013,4.461201,4.5312014,4.671201,4.771201,4.8412013,4.931201,5.021201,5.141201,5.251201,5.3012013,5.371201,5.4912014,5.5712013,5.601201,5.6112013,5.6112013,5.6312013,5.6512012,5.6112013,5.541201,5.501201,5.451201,5.391201,5.311201,5.251201,5.181201,5.081201,4.971201,4.831201,4.711201,4.5912013,4.471201,4.3612013,4.251201,4.141201,4.0312014,3.9112012,3.7812011,3.6312013,3.5112011,3.3812013,3.2612011,3.1212013,2.9812012,2.831201,2.6912012
3.7112012,3.811201,3.9312012,4.021201,4.121201,4.211201,4.331201,4.5112014,4.661201,4.7812014,4.931201,5.0712013,5.231201,5.351201,5.441201,5.561201,5.6512012,5.771201,5.891201,5.951201,5.9912014,6.0712013,6.1112013,6.161201,6.211201,6.191201,6.181201,6.181201,6.181201,6.161201,6.161201,6.211201,6.271201,6.2612014,6.271201,6.271201,6.271201,6.251201,6.251201,6.211201,6.121201,5.961201,5.8212013,5.721201,5.5912013,5.431201,5.251201,5.0912013,4.921201,4.7412014,4.561201,4.3812013,4.231201,4.141201,4.0912013,4.0512013,4.0112014,3.9712012
3.7312012,3.831201,3.9812012,4.081201,4.181201,4.3812013,4.461201,4.581201,4.7612014,4.8412013,4.851201,4.971201,5.0512013,5.171201,5.331201,5.4912014,5.621201,5.701201,5.791201,5.911201,6.041201,6.161201,6.2812014,6.4012012,6.501201,6.541201,6.561201,6.661201,6.661201,6.6512012,6.701201,6.721201,6.711201,6.7412014,6.721201,6.641201,6.5912013,6.501201,6.4012012,6.3212013,6.2612014,6.191201,6.121201,6.0312014,5.961201,5.891201,5.8412013,5.8412013,5.811201,5.7612014,5.701201,5.6512012,5.5712013,5.4912014,5.3812013,5.231201,5.081201,4.961201
3.9812012,4.161201,4.2812014,4.421201,4.5712013,4.7412014,4.911201,5.081201,5.2412014,5.3812013,5.521201,5.681201,5.851201,5.9912014,6.1512012,6.311201,6.441201,6.541201,6.6512012,6.751201,6.8412013,6.911201,6.941201,6.981201,6.971201,6.971201,6.961201,6.941201,6.891201,6.8212013,6.7412014,6.6512012,6.581201,6.5312014,6.481201,6.471201,6.411201,6.3812013,6.371201,6.3612013,6.291201,6.201201,6.101201,6.0112014,5.921201,5.8412013,5.791201,5.6312013,5.441201,5.2812014,5.0912013,4.921201,4.751201,4.581201,4.411201,4.271201,4.121201,3.9912012
4.271201,4.501201,4.581201,4.731201,4.8812013,5.061201,5.2412014,5.421201,5.581201,5.711201,5.8212013,5.921201,6.061201,6.201201,6.391201,6.5912013,6.721201,6.871201,6.961201,7.041201,7.141201,7.221201,7.2612014,7.271201,7.201201,7.101201,7.0112014,6.931201,6.891201,6.951201,6.981201,7.001201,6.981201,6.9012012,6.8012013,6.671201,6.541201,6.371201,6.171201,5.951201,5.7612014,5.561201,5.391201,5.2612014,5.1512012,5.0912013,5.0312014,4.981201,4.911201,4.851201,4.731201,4.581201,4.421201,4.221201,3.9812012,3.7712011,3.6212013,3.4512012
4.671201,4.891201,4.7612014,4.811201,5.021201,5.291201,5.521201,5.7412014,5.9012012,6.0712013,6.211201,6.421201,6.6312013,6.891201,7.0912013,7.201201,7.2812014,7.311201,7.3812013,7.411201,7.3612013,7.3012013,7.2612014,7.2412014,7.271201,7.371201,7.451201,7.501201,7.481201,7.3812013,7.251201,7.101201,6.891201,6.6512012,6.391201,6.191201,5.9912014,5.7412014,5.501201,5.331201,5.211201,5.081201,4.951201,4.811201,4.641201,4.481201,4.331201,4.231201,4.141201,4.0512013,3.9412012,3.831201,3.6912012,3.5012012,3.291201,3.071201,2.8812013,2.6912012
4.4912014,5.061201,5.541201,5.8012013,5.871201,5.871201,5.951201,6.191201,6.331201,6.231201,6.3212013,6.431201,6.6512012,6.8212013,6.911201,7.0512013,7.2812014,7.331201,7.2612014,7.191201,7.271201,7.3012013,7.3412013,7.391201,7.441201,7.461201,7.461201,7.4912014,7.4012012,7.2612014,7.0312014,6.711201,6.501201,6.2412014,5.961201,5.7412014,5.5112014,5.3612013,5.211201,5.081201,4.931201,4.681201,4.391201,4.0712013,3.801201,3.591201,3.4112012,3.2112012,2.9912012,2.821201,2.7112012,2.6112013,2.4212012,2.1812012,1.9712012,1.8012012,1.6412011,1.5112011
4.221201,4.311201,4.371201,4.671201,5.1512012,5.7412014,6.081201,6.1512012,6.181201,6.2812014,6.441201,6.5512013,6.641201,6.751201,6.851201,7.271201,7.371201,7.1512012,7.191201,7.2812014,7.2412014,7.291201,7.391201,7.441201,7.481201,7.4012012,7.331201,7.2812014,7.231201,6.9912014,6.7412014,6.5112014,6.0712013,5.751201,5.471201,5.161201,4.951201,4.751201,4.5512013,4.3812013,4.1512012,3.8912013,3.581201,3.2512012,2.9112012,2.601201,2.3812013,2.2212012,2.051201,1.8612012,1.6512011,1.4112011,1.1812012,1.0312011,0.82120115,0.5312012,0.26120117,0.06120117
3.821201,3.9712012,3.9512012,4.201201,4.561201,4.931201,5.331201,5.251201,5.791201,6.421201,6.721201,6.921201,7.001201,7.0712013,7.211201,7.4912014,7.711201,7.311201,7.181201,7.1112013,6.8612013,6.851201,7.181201,7.3012013,7.191201,7.311201,7.2612014,7.201201,6.971201,6.5112014,6.1512012,5.6112013,5.191201,4.8412013,4.6512012,4.4012012,4.1312013,3.8812013,3.6212013,3.3612013,3.1312013,2.9112012,2.7312012,2.551201,2.2512012,1.8912011,1.6012012,1.3512012,1.0912012,0.82120115,0.57120115,0.38120118,0.17120117,0.0012011719,-0.04879883,-0.10879883,-0.17879882,-0.27879882
4.0512013,4.481201,4.711201,4.751201,4.911201,5.0112014,5.221201,5.3812013,5.8012013,5.671201,6.471201,7.221201,7.141201,7.411201,7.561201,7.661201,7.961201,7.691201,7.671201,7.731201,7.431201,6.7812014,7.871201,7.7812014,7.141201,8.101201,6.3412013,6.661201,6.061201,5.691201,5.161201,4.661201,4.291201,3.9412012,3.6712012,3.4112012,3.1712012,3.041201,2.9812012,2.801201,2.5212011,2.2112012,1.9112011,1.7012012,1.5112011,1.2012012,0.8512012,0.5212012,0.20120117,-0.028798828,-0.21879883,-0.24879883,-0.25879884,-0.43879882,-0.69879884,-0.88879883,-0.99879885,-1.0687988
3.6412013,3.9912012,4.461201,5.141201,5.421201,5.371201,5.3412013,5.351201,5.581201,5.7612014,6.3012013,6.391201,7.221201,7.5312014,7.661201,7.721201,7.7812014,7.731201,7.481201,7.2612014,6.9912014,7.081201,4.5512013,4.0512013,4.941201,5.791201,5.911201,5.461201,4.951201,4.701201,4.3212013,3.8612013,3.7012012,3.561201,3.2212012,2.811201,2.5312011,2.2412012,1.9612012,1.8012012,1.6612011,1.3912011,1.1612011,0.9012012,0.67120117,0.42120117,0.08120117,-0.14879882,-0.32879883,-0.55879885,-0.74879885,-0.8387988,-1.0387988,-1.1687988,-1.4187988,-1.6587988,-1.9387988,-2.148799
3.6712012,4.521201,5.0712013,5.351201,5.601201,5.981201,5.8412013,5.2412014,5.1112013,5.851201,6.7612014,7.541201,8.061201,8.211201,7.941201,7.691201,7.731201,7.751201,7.421201,6.951201,6.2812014,5.441201,5.061201,4.8612013,5.5312014,5.0712013,4.871201,5.211201,4.5312014,3.9612012,3.601201,3.2412012,2.8612013,2.4912012,2.1212013,1.7412012,1.4412012,1.3012012,1.1712012,0.9612012,0.7212012,0.55120116,0.29120117,-0.068798825,-0.38879883,-0.61879885,-0.7687988,-0.8587988,-0.8987988,-0.98879886,-1.1387988,-1.3887988,-1.6887988,-1.9987988,-2.2487988,-2.3787987,-2.5587988,-2.8687987
3.081201,3.331201,4.961201,5.271201,5.891201,6.221201,5.001201,3.9712012,4.251201,4.941201,5.351201,7.451201,7.4012012,7.451201,8.021201,7.431201,7.2612014,7.0912013,6.311201,6.0512013,4.9912014,4.6112013,4.121201,3.6412013,3.831201,3.831201,4.441201,3.581201,3.601201,3.5012012,3.1212013,2.6212013,2.1412013,1.6012012,1.0812012,0.6412012,0.5212012,0.40120116,0.17120117,0.021201171,-0.07879883,-0.25879884,-0.46879882,-0.68879884,-0.8387988,-0.9587988,-1.1487988,-1.2687988,-1.4487988,-1.7687988,-2.1387987,-2.3887987,-2.6187987,-2.7387989,-2.958799,-3.1387987,-3.4987988,-3.6187987
3.1412013,3.7212012,4.221201,5.041201,5.8612013,5.601201,3.2012012,2.3712013,4.521201,7.471201,5.8012013,6.101201,4.081201,6.721201,6.671201,5.2412014,5.161201,5.6112013,4.171201,3.6912012,3.9312012,3.7712011,3.7612011,3.5112011,1.7412012,1.3412012,2.8912013,3.081201,2.821201,2.591201,2.571201,1.9612012,1.5612012,0.9612012,0.5812012,0.45120117,0.071201175,-0.23879883,-0.41879883,-0.7987988,-0.98879886,-1.1687988,-1.3487989,-1.5087988,-1.4787989,-1.6187989,-1.7987988,-1.9887989,-2.2587988,-2.6187987,-2.898799,-3.1387987,-3.3287988,-3.4787989,-3.6387987,-3.948799,-4.228799,-4.4087987
2.9712012,4.201201,5.101201,3.7412012,4.0912013,5.421201,4.8412013,4.891201,6.201201,5.8612013,7.1112013,6.441201,3.2212012,2.7012012,0.39120117,3.1612012,5.291201,5.1112013,2.601201,2.1412013,3.0112011,3.311201,2.351201,1.5612012,1.6512011,1.4612012,2.2112012,2.7412012,2.9112012,2.841201,2.1712012,1.2812011,0.7312012,1.1212012,0.9512012,0.45120117,-0.018798828,-0.12879883,-0.26879883,-0.29879883,-0.31879884,-0.33879882,-0.6587988,-1.0287988,-1.6487988,-1.8687989,-2.1287987,-2.5187988,-2.7687988,-3.0887988,-3.3887987,-3.5387988,-3.5687988,-3.678799,-3.7887988,-3.948799,-4.228799,-4.478799
3.071201,4.481201,3.3912013,4.001201,4.2812014,5.721201,4.911201,5.5512013,6.2812014,6.731201,7.441201,2.3712013,1.7612011,2.6412013,0.26120117,3.2012012,5.9012012,3.6312013,5.6112013,4.731201,3.6512012,2.9312012,2.541201,4.041201,4.431201,3.7612011,4.0312014,3.1512012,3.8812013,3.101201,2.6212013,2.6712012,0.6512012,0.23120117,-0.27879882,-0.22879882,-0.37879884,-0.41879883,-0.69879884,-0.7787988,-0.5987988,-0.43879882,-0.15879883,-0.21879883,-0.20879883,-0.16879883,-0.50879884,-0.5987988,-1.3387989,-1.9587989,-2.3587987,-2.8187988,-2.688799,-2.448799,-2.6287987,-1.6487988,-0.32879883,-2.0687988
2.4912012,3.6112013,2.541201,4.8012013,5.181201,4.661201,5.661201,4.871201,6.5512013,8.491201,5.121201,1.4912012,1.7912011,0.25120118,-0.008798828,2.591201,2.1512012,3.6212013,2.0012012,1.6312011,1.2012012,0.24120118,0.31120118,0.62120116,0.7912012,0.16120118,0.48120117,0.80120116,1.2312012,0.6412012,0.61120117,0.56120116,1.2212012,-0.028798828,-0.63879883,-0.62879884,-0.4087988,-0.28879884,0.111201175,1.1112012,1.7512012,1.5612012,1.3612012,1.4712012,0.9012012,0.6012012,-0.5887988,-1.0187988,-1.1287988,-0.87879884,-0.9687988,-0.56879884,-0.7987988,-0.7287988,-2.0087988,-1.4987988,-0.15879883,-1.7087989
2.3812013,2.8612013,6.2412014,4.271201,3.7012012,3.1112013,4.081201,5.371201,8.791202,7.441201,0.9812012,1.4312012,0.74120116,-0.6587988,0.08120117,2.0112011,1.9912012,2.2612011,1.1312011,1.7512012,1.2712011,1.9212012,2.1512012,0.5412012,0.31120118,0.071201175,1.2212012,0.37120116,0.63120115,0.92120117,1.1012012,-0.27879882,-0.23879883,-0.36879882,-0.8587988,-0.8487988,-0.61879885,0.21120118,1.0312011,2.4612012,2.3712013,2.2712011,2.3812013,3.1112013,0.13120118,-0.50879884,0.9712012,0.16120118,0.0012011719,-0.10879883,0.14120117,-0.43879882,-1.0187988,-0.7987988,-0.13879883,-0.36879882,-0.21879883,-1.5487988
2.841201,4.8812013,5.331201,3.351201,4.4912014,3.2712011,7.001201,6.961201,8.311201,7.6312013,1.4012011,0.8412012,0.33120117,-0.34879884,0.39120117,1.9012011,0.61120117,0.7712012,0.5312012,0.3412012,1.4912012,2.8612013,1.2912011,1.0812012,0.8512012,1.0712012,0.6612012,1.8912011,1.7312012,0.35120118,0.43120116,0.62120116,0.0012011719,0.40120116,-0.08879883,-0.04879883,0.6512012,1.3712012,1.5112011,1.7412012,1.8012012,1.5212011,1.6012012,1.0512012,0.87120116,0.50120115,0.33120117,0.46120116,0.7712012,0.44120118,-0.8987988,-1.8587989,-1.0487988,-1.1087989,-1.6787988,-3.7287989,-3.7287989,-2.6287987
2.7712011,3.7012012,3.1912012,2.8812013,2.7712011,3.7712011,6.971201,6.8612013,8.091201,4.891201,1.2812011,1.6012012,2.4812012,2.801201,1.1012012,1.4812012,1.9712012,1.8912011,1.7912011,2.3612013,2.8812013,2.851201,1.3012012,1.3312012,0.071201175,0.7712012,-0.018798828,1.7912011,0.93120116,0.16120118,-0.14879882,0.16120118,0.69120115,0.31120118,1.3612012,1.4812012,0.92120117,1.4412012,1.5912012,1.4212012,1.3112012,1.7212012,1.2912011,1.3112012,0.67120117,0.24120118,-0.21879883,-1.5387988,-2.1187987,-1.3587989,-1.5287988,-1.3687989,-1.2187989,-2.5087988,-2.0587988,-2.2787988,-2.708799,-2.208799
1.9212012,1.7912011,2.2212012,2.2612011,2.1912012,2.351201,2.821201,6.001201,5.961201,8.751202,2.2212012,2.1312013,1.7612011,0.6612012,1.0312011,4.061201,1.5812012,1.9312012,1.5812012,1.1612011,2.2112012,1.4412012,0.47120118,0.35120118,0.5912012,-0.15879883,-0.15879883,0.74120116,0.10120117,1.2112012,-0.92879885,-0.33879882,-0.81879884,-0.09879883,0.5412012,0.7312012,0.45120117,0.88120115,0.47120118,0.111201175,0.38120118,0.08120117,0.5412012,0.75120115,-0.15879883,0.35120118,-0.5887988,-1.2187989,-2.0187988,-1.2687988,-1.7787988,-0.57879883,-0.9787988,-1.9487988,-1.0287988,-1.3887988,-1.0487988,-1.1487988
