public/json/wind_10m.json
{"header": { "discipline":0, "disciplineName":"Meteorological products", "gribEdition":2, "gribLength":77776, "center":7, "centerName":"US National Weather Service - NCEP(WMC)", "subcenter":0, "refTime":"2020-01-19T00:00:00.000Z", "significanceOfRT":1, "significanceOfRTName":"Start of forecast", "productStatus":0, "productStatusName":"Operational products", "productType":1, "productTypeName":"Forecast products", "productDefinitionTemplate":0, "productDefinitionTemplateName":"Analysis/forecast at horizontal level/layer at a point in time", "parameterCategory":2, "parameterCategoryName":"Momentum", "parameterNumber":2, "parameterNumberName":"U-component_of_wind", "parameterUnit":"m.s-1", "genProcessType":2, "genProcessTypeName":"Forecast", "forecastTime":0, "surface1Type":103, "surface1TypeName":"Specified height level above ground", "surface1Value":10.0, "surface2Type":255, "surface2TypeName":"Missing", "surface2Value":0.0, "gridDefinitionTemplate":0, "gridDefinitionTemplateName":"Latitude_Longitude", "numberPoints":65160, "shape":6, "shapeName":"Earth spherical with radius of 6,371,229.0 m", "gridUnits":"degrees", "resolution":48, "winds":"true", "scanMode":0, "nx":360, "ny":181, "basicAngle":0, "lo1":0.0, "la1":90.0, "lo2":359.0, "la2":-90.0, "dx":1.0, "dy":1.0 }, "data":
[rows 100 to 124 of 181, columns 116 to 173 of 360]
5.3476295,6.227629,6.7876296,5.0876293,1.8076293,-0.08237061,2.6776295,2.7076294,2.0776293,0.0676294,3.6776295,3.6476295,5.2976294,5.1476293,5.2376294,4.937629,5.2976294,6.5576296,6.5376296,7.3476295,7.7676296,8.087629,7.997629,8.087629,8.68763,8.667629,9.1376295,7.4276295,6.7976294,6.437629,5.9176292,7.0076294,5.0576296,0.84762937,-1.7723706,1.9476295,2.8876295,3.5676293,2.9976294,5.8476295,4.1676292,5.3176293,4.8876295,3.5376294,3.2876294,5.0476294,2.9476295,2.7076294,3.8676293,3.3076293,3.7576294,4.1276293,5.0976295,5.7776294,4.1176295,4.5476294,4.3476295,4.4476295
5.2176294,6.2976294,7.0676293,6.437629,7.437629,6.727629,5.5776296,6.3076296,6.8076296,7.3176293,6.6476293,6.7976294,6.6176295,6.8876295,5.7776294,6.5776296,6.7676296,7.3476295,7.7176294,7.5076294,8.617629,9.077629,8.697629,8.907629,9.077629,9.697629,8.877629,8.31763,7.6176295,7.5076294,7.6476293,8.01763,9.06763,11.177629,8.707629,5.8976293,2.8976295,5.1576295,7.7776294,6.1476293,5.3176293,3.5876293,2.9576294,2.1076293,2.0776293,3.2676294,1.4276294,1.4376293,1.4876294,1.8876294,3.9876294,3.6476295,3.3076293,4.1676292,4.227629,5.3476295,5.3076296,5.2376294
5.4276295,6.6576295,7.247629,6.5576296,5.727629,4.0676293,4.5676293,6.3776293,6.2976294,6.1376295,5.7176294,6.5976295,7.1776295,6.937629,6.3576293,5.977629,6.1776295,4.3976293,3.9676294,6.937629,8.14763,9.72763,9.39763,9.457629,10.27763,9.51763,7.6776295,5.4176292,8.967629,8.31763,8.05763,8.327629,6.2876296,9.84763,9.09763,8.287629,8.427629,8.197629,8.797629,6.8876295,5.437629,2.3376293,0.6076294,0.3576294,1.9976294,1.5176294,0.6576294,-0.3423706,0.9576294,2.1676295,3.6476295,3.5576293,3.6276293,3.7476294,5.3676295,6.2676296,6.3176293,5.957629
4.7676296,5.1076293,4.2976294,4.687629,3.7576294,4.3476295,5.4676294,6.5176296,4.8176293,5.8976293,6.0276294,6.3676295,7.4476295,6.9676294,5.6376295,2.7976294,2.6276293,5.1376295,4.6476293,4.1976295,4.7676296,8.26763,8.967629,9.377629,10.967629,10.297629,5.0876293,5.0776296,5.8176293,8.6376295,9.167629,7.2976294,7.707629,8.77763,9.1376295,9.47763,9.01763,7.0076294,6.0076294,5.1376295,3.9276295,1.3576294,-0.032370605,0.9976294,0.9876294,-0.9523706,-0.7023706,-0.29237062,0.7476294,2.1876295,2.4576294,1.1876293,2.8376293,3.9076295,4.4276295,4.5876293,3.9176295,3.3276293
4.3976293,5.8176293,6.0476294,5.2876296,5.1576295,4.8876295,5.7176294,5.7776294,5.3676295,4.2176294,5.5776296,5.7176294,7.0476294,7.747629,2.5976293,1.4976294,3.0876293,5.0376296,4.6976295,4.997629,5.6676292,5.9876294,9.297629,10.09763,11.877629,10.087629,4.3276296,4.5376296,1.8176293,7.9476295,9.257629,9.457629,7.5476294,6.9676294,6.5976295,7.8176293,7.7876296,7.2776294,4.9676294,4.687629,2.3376293,0.2576294,0.24762939,0.16762939,-0.90237063,-1.0423706,-0.8423706,-0.35237062,1.1876293,0.6176294,2.8676293,-0.032370605,0.3876294,0.8876294,-1.8923706,-5.022371,-6.7123704,-5.4723706
5.7776294,6.2776294,6.3076296,6.497629,6.8876295,6.3076296,6.3176293,6.1376295,5.7376294,3.7376294,4.6376295,5.5776296,5.7376294,4.4476295,3.0576293,3.7576294,2.8576293,4.3176293,6.9476295,8.297629,9.877629,8.52763,8.577629,9.217629,8.68763,8.167629,6.0276294,5.7676296,3.1276293,3.4076295,5.8176293,8.367629,7.7576294,6.1376295,7.247629,4.7176294,4.3976293,6.3776293,3.9576294,1.8976294,-0.08237061,-0.5323706,-0.012370605,-1.4723706,-1.3923706,-1.7223706,-1.0923706,-1.4023706,0.4476294,-0.2523706,0.53762937,-2.3223705,-3.0423706,-4.812371,-6.9423704,-6.0523705,-5.5923705,-5.0823708
5.2676296,6.2676296,7.7176294,8.217629,7.5776296,7.1676292,5.957629,5.227629,5.5476294,2.7776294,6.3676295,5.5476294,4.0276294,2.9776294,5.2776294,4.3476295,5.3676295,4.0876293,4.3976293,7.5476294,7.207629,7.7376294,8.367629,9.84763,9.127629,7.0276294,6.9876294,5.227629,1.6676294,3.9576294,2.4776294,6.6076293,4.6776295,4.0276294,1.6976295,3.1976295,2.8376293,2.7976294,1.8476294,0.3776294,-0.5223706,-0.35237062,-0.5723706,-1.9323707,-2.4123707,-2.4223707,-1.6923707,-0.6423706,-3.6223707,-3.7123706,-4.2023706,0.6276294,-3.3723707,-5.5823708,-5.562371,-5.2623706,-5.2323704,-4.4623704
6.3376293,8.537629,7.7576294,7.957629,7.9476295,8.05763,1.8376294,2.0776293,3.4776294,4.2676296,5.6476293,5.6976295,4.0476294,4.2676296,5.477629,3.6876295,6.437629,6.0876293,6.0076294,6.2176294,8.337629,7.3876295,6.1376295,9.157629,9.367629,4.8776293,5.7776294,4.0876293,1.8076293,3.5376294,-3.4323707,1.2676294,-2.8223705,-0.5223706,3.6376295,3.8176293,2.4876294,1.6276294,2.3276293,-0.5423706,-0.9523706,-0.5523706,-2.5223706,-1.8523706,-2.9823706,-3.1723707,-1.7123706,-4.1723704,-5.3223705,-5.2323704,-4.7823706,-4.8523707,-5.5123706,-5.5323706,-5.1423707,-5.3223705,-4.4823704,-4.3023705
8.547629,6.1276293,6.9476295,7.7176294,3.4176295,5.937629,2.6276293,1.6376294,2.4876294,4.1976295,5.207629,4.8676295,4.747629,2.3376293,3.3176293,4.0276294,5.3176293,5.3376293,4.227629,4.1576295,3.7976294,7.7776294,8.827629,7.727629,5.1676292,4.997629,3.6176293,1.2876294,4.0476294,4.0176296,-0.5523706,-1.5823706,-1.5323706,1.1576294,1.9776294,1.9876294,-0.6823706,0.26762938,0.8976294,-0.5823706,-0.7323706,-0.22237061,-1.5723706,-2.3223705,-4.2823706,-4.3423705,-5.1223707,-6.1323705,-6.042371,-6.3323708,-5.5123706,-5.272371,-4.2423706,-5.9523706,-5.6523705,-4.1823707,-4.0123706,-4.2323704
7.5276294,7.4676294,5.687629,0.4776294,2.8776293,4.6676292,-0.3423706,2.2076294,3.7876294,4.2176294,4.6776295,3.7676294,3.8376293,1.6076294,-0.32237062,-1.7423706,-5.022371,-5.3923707,-5.772371,0.7776294,5.8876295,9.577629,4.4176292,-0.65237063,1.0376294,4.5176296,2.5076294,1.0376294,2.8776293,3.3376293,0.027629394,-0.4323706,-0.4923706,-0.8923706,0.6676294,1.4976294,1.0076294,0.3276294,0.8076294,-1.4123706,-0.5123706,-2.1723707,-1.5623707,-3.1223707,-4.6323705,-6.312371,-5.5823708,-6.4623704,-6.6523705,-6.6423707,-6.6223707,-7.7023706,-6.8323708,-6.7223706,-5.062371,-4.8723707,-4.752371,-4.272371
6.0676293,4.5676293,-1.5523705,-4.7123704,-3.5423706,-4.4023705,-0.7223706,2.3776293,3.7176294,4.1776295,3.5676293,4.3676295,2.9476295,-1.1823707,-3.5923705,0.027629394,-5.8023705,-3.8123705,-3.4923706,3.3276293,5.9676294,-1.2923706,1.9676294,-0.4723706,-0.71237063,-0.8823706,0.7076294,1.4576294,1.3976294,0.78762937,0.6276294,-1.4623706,-0.4623706,0.8876294,2.1076293,1.1176294,0.2376294,1.7076294,0.5076294,-0.48237062,-2.0723705,-1.3823706,-1.7923706,-2.9323707,-4.8223705,-5.8423705,-5.2023706,-6.9323707,-8.1123705,-7.3623705,-7.1623707,-7.5923705,-6.502371,-5.4423704,-4.9523706,-4.1223707,-4.4123707,-4.292371
-1.0523705,-0.5123706,0.3576294,-0.5723706,0.13762939,0.3076294,-0.09237061,2.8076293,3.8376293,3.7776294,2.7276294,1.1976295,4.5076294,0.9776294,-1.0123706,0.5076294,-0.35237062,2.0676293,0.0676294,-0.4523706,0.9376294,-2.4123707,0.45762938,1.5376294,-0.7823706,-2.6223707,-0.5723706,0.6976294,3.4376295,-0.8923706,-0.8123706,-0.14237061,0.2076294,0.4176294,1.3076293,2.0976293,0.5176294,1.0076294,0.0676294,-1.4723706,-2.9823706,-2.7623706,-2.9523706,-3.4523706,-4.6423707,-4.8623705,-4.1023707,-0.6423706,-3.4623706,-2.6623707,-7.5123706,-4.9323707,-5.5323706,-4.6723704,-4.1023707,-3.9823706,-4.1223707,-4.8923707
-1.7423706,0.2376294,0.3876294,-2.0123706,-2.3523705,-4.6723704,-4.6223707,-0.6123706,3.3576293,5.6476293,2.2176294,1.7176294,2.4676294,1.7576294,2.0776293,-3.4823706,1.1676294,-2.0023706,-3.6723707,-3.0423706,-3.7623706,-4.4123707,2.3576293,3.1676295,0.7676294,-3.5623705,0.6176294,0.8776294,0.42762938,-0.96237063,-0.5223706,0.1776294,1.2076294,0.8576294,2.3176293,1.1176294,0.5176294,0.3876294,0.117629394,-2.1423707,-3.3623705,-3.2423706,-4.312371,-4.7423706,-6.022371,-6.9423704,-7.6523705,-8.552371,-8.43237,-8.06237,-2.8623705,-5.5823708,-5.0523705,-4.3223705,-4.6423707,-5.7123704,-5.6623707,-4.772371
1.3276294,-1.2423706,-4.0123706,-7.3023705,-7.9723706,-8.762371,-7.3223705,-6.4023705,-6.2823706,-5.1323705,0.3176294,2.8076293,1.7376294,1.1376294,-0.2723706,-0.17237061,-1.5223706,-4.7423706,-5.3723707,-0.9823706,-2.0723705,0.1776294,-1.7923706,2.2276294,3.4476295,-0.4023706,-0.7823706,2.5076294,0.4976294,-0.7823706,-1.8023705,-0.4323706,0.8676294,0.8376294,0.5876294,1.4576294,1.8876294,0.9176294,0.7976294,-0.96237063,-3.4223707,-4.9523706,-5.542371,-6.3623705,-7.312371,-7.1623707,-8.002371,-8.06237,-8.282371,-7.9623704,-7.1123705,-6.3523707,-5.4423704,-5.6123705,-5.1023707,-5.3423705,-4.8423705,-3.2523706
-1.6923707,-5.4523706,-6.9823704,-8.452371,-7.8223705,-7.8723707,-7.4723706,-7.3723707,-7.7323704,-7.272371,-6.022371,-4.3323708,1.1676294,0.59762937,-3.5823705,1.2076294,-4.7423706,-4.252371,-0.3423706,-2.9323707,-1.2523706,-1.7723706,-1.0023706,1.1076294,1.8976294,1.6676294,1.7276294,2.6876295,0.6876294,-1.1723706,-2.2923706,-1.4723706,-1.1023706,0.8676294,1.2776294,1.2776294,3.9376295,2.4176295,0.0076293945,-0.5823706,-2.1823707,-5.9623704,-5.8923707,-7.292371,-7.0823708,-7.9723706,-7.562371,-7.8323708,-7.5123706,-7.4223704,-7.1323705,-6.772371,-5.5523705,-5.1023707,-5.562371,-5.3323708,-4.7123704,-4.3823705
-7.5923705,-7.9823704,-7.9223704,-8.542371,-8.302371,-8.18237,-8.48237,-7.9523706,-8.082371,-8.242371,-6.6323705,-5.9423704,-7.1623707,-7.522371,-6.272371,-7.8923707,-7.2323704,-5.4723706,-4.0823708,-4.542371,-1.7723706,-3.3923707,-0.012370605,3.1676295,0.6876294,1.7476294,1.4576294,-0.1123706,-0.5023706,-0.35237062,-0.5623706,-0.8523706,1.5676293,1.4576294,1.8676294,2.9076295,2.2576294,1.5076294,1.0376294,0.9476294,-2.1923707,-5.1323705,-6.3423705,-7.3323708,-7.4023705,-7.1723704,-6.8623705,-7.6623707,-8.092371,-7.8923707,-7.252371,-6.5123706,-6.502371,-6.4623704,-5.9523706,-5.772371,-5.2223706,-4.4123707
-8.872371,-9.282371,-8.60237,-9.382371,-9.262371,-8.73237,-7.9923706,-7.8523707,-7.8023705,-7.562371,-6.8323708,-6.3023705,-5.7323704,-6.1323705,-4.9823704,-3.4023707,-2.1923707,-1.4223706,-0.4223706,-0.6023706,-0.022370605,1.1876293,1.3476294,1.6576294,2.1876295,-0.4223706,0.0676294,1.5476294,0.8176294,0.7776294,-0.022370605,0.9876294,1.3576294,3.3976295,3.1476295,2.7376294,2.0876293,0.2576294,0.5176294,-0.022370605,-1.8523706,-4.9123707,-6.3523707,-7.1023707,-7.1723704,-7.4123707,-7.4423704,-7.5823708,-7.5923705,-8.052371,-6.9623704,-5.8623705,-7.3823705,-6.1023707,-5.8923707,-5.4923706,-4.9523706,-4.4223704
-9.35237,-9.752371,-9.292371,-9.52237,-9.202371,-8.162371,-8.48237,-7.4823704,-6.792371,-6.752371,-5.4623704,-5.4123707,-5.8323708,-5.3223705,-4.6723704,-3.5723705,-2.4623706,-1.0723706,1.0776294,0.84762937,1.8776294,1.6376294,2.7676294,2.7876294,2.4676294,2.8276293,-0.48237062,-0.7423706,0.59762937,0.9476294,0.3776294,1.3076293,1.6976295,2.9276295,2.3776293,1.2476294,0.21762939,-0.5723706,0.4176294,-0.7023706,-3.1823707,-5.5723705,-6.4323707,-6.0523705,-7.292371,-7.3023705,-7.6823707,-7.502371,-7.8323708,-7.8923707,-7.2223706,-7.0323706,-6.6723704,-5.812371,-5.4623704,-5.2623706,-4.3723707,-4.062371
-9.632371,-9.73237,-9.162371,-9.342371,-8.822371,-8.43237,-7.8523707,-7.2623706,-6.5323706,-5.8823705,-4.6323705,-4.5823708,-4.7023706,-4.042371,-3.6223707,-2.8223705,-1.5723706,-0.8123706,1.1176294,1.5676293,0.6976294,0.6976294,1.9876294,0.7676294,1.4376293,2.1776295,0.8876294,0.7076294,2.2276294,1.4976294,0.017629394,0.8776294,2.0876293,2.1876295,2.4176295,0.7476294,0.8276294,-0.5323706,0.5176294,-1.2723706,-4.042371,-5.3423705,-6.3823705,-6.8623705,-6.4423704,-7.2423706,-7.7823706,-7.5523705,-7.8723707,-8.002371,-7.6823707,-6.7123704,-6.5523705,-5.7223706,-4.752371,-4.4623704,-4.3523707,-3.7323706
-9.122371,-8.98237,-8.56237,-8.73237,-8.302371,-8.452371,-7.3523707,-5.8323708,-5.8923707,-4.1623707,-3.9323707,-4.292371,-4.0823708,-3.4423707,-3.0723705,-2.1223707,-1.5823706,-0.6023706,-0.5423706,1.4576294,1.7676294,1.6676294,2.8676293,1.7376294,0.6876294,1.8276294,0.2776294,0.6676294,1.3076293,1.3576294,-0.7723706,0.2776294,-0.19237061,-1.5823706,-1.6423706,0.017629394,-0.3323706,0.1276294,3.6176293,-1.2523706,-5.1223707,-5.3023705,-6.6223707,-5.9623704,-6.3523707,-7.8023705,-8.032371,-6.7223706,-7.4723706,-8.64237,-7.2223706,-6.1623707,-5.4323707,-5.1623707,-4.4323707,-4.3723707,-4.2023706,-3.7023706
-8.582371,-8.15237,-8.40237,-8.19237,-8.31237,-7.5123706,-7.1923704,-5.7823706,-3.7623706,-2.9123707,-2.5223706,-3.0323706,-3.0723705,-1.9223706,-1.8923706,-1.6623706,-1.0723706,-0.8523706,-0.5523706,0.7176294,2.4376295,1.6076294,3.8276293,4.4476295,1.6076294,0.59762937,1.0676293,0.45762938,1.3676294,-1.0823706,-1.3423706,-2.5523705,-2.3023705,-2.6123705,-1.1923707,0.5776294,-1.0323706,0.1276294,1.2076294,-3.1723707,-6.2023706,-6.4323707,-6.9223704,-6.6523705,-8.592371,-7.9623704,-7.1523705,-7.1323705,-9.012371,-7.562371,-6.9723706,-5.6823707,-5.1723704,-3.9023707,-3.8723707,-3.6023705,-2.9723706,-2.5423706
-8.15237,-7.1723704,-7.3523707,-8.122371,-7.0123706,-5.9623704,-5.6923704,-4.7123704,-3.4023707,-2.1523707,-2.5923705,-1.1123706,-0.3423706,-1.1523706,-0.2123706,-0.5223706,-0.08237061,-0.19237061,1.3676294,1.5276294,2.0776293,1.9476295,1.9876294,0.26762938,-0.2823706,0.8076294,-1.4723706,-0.4923706,0.5176294,-1.0723706,-1.4723706,-1.7323706,-2.0823705,-0.7323706,-1.1523706,1.6076294,-0.2823706,0.2376294,-2.0523705,-6.502371,-7.3423705,-6.9423704,-7.0923705,-8.762371,-8.962371,-7.3223705,-6.7623706,-9.10237,-7.9123707,-6.6123705,-6.1023707,-5.2123704,-4.3323708,-3.6823707,-2.9423707,-2.3923707,-1.6623706,-1.4723706
-6.1223707,-6.4023705,-6.502371,-7.0823708,-5.4423704,-4.9023705,-3.6023705,-2.9823706,-3.1623707,-1.8623706,-1.7023706,-0.5523706,-0.48237062,0.7676294,1.0376294,0.5176294,0.4976294,0.2276294,1.9576294,2.1176293,1.6376294,1.1676294,1.1076294,-0.48237062,-0.14237061,-0.7523706,-1.2223706,-1.9123706,1.4076294,0.8276294,-2.1023705,-3.4223707,-2.6623707,-1.3523706,-2.7223706,1.3676294,-0.7623706,3.1976295,-6.0923705,-8.19237,-6.2223706,-7.3723707,-8.752371,-8.762371,-7.6823707,-5.8923707,-8.042371,-8.792371,-6.4123707,-5.792371,-5.5723705,-4.8223705,-5.2623706,-4.2123704,-3.2323706,-2.2523706,-2.1923707,-0.32237062
-5.5323706,-5.6623707,-5.7423706,-5.3323708,-4.9323707,-3.8623705,-2.7523706,-2.2823706,-2.4623706,-1.6523706,-2.1523707,-1.3923706,-0.96237063,-0.9923706,1.9176294,0.8576294,0.5776294,0.16762939,1.4176294,1.9876294,1.4476295,0.42762938,0.5876294,0.13762939,1.2976294,1.6376294,2.1376295,-0.8323706,-1.2123706,0.7376294,-2.1523707,-3.4923706,-3.5123706,-4.3223705,-1.0823706,0.9576294,-0.7223706,-2.6223707,-7.7123704,-7.4423704,-6.5923705,-8.202371,-8.572371,-8.332371,-7.3523707,-7.0523705,-8.10237,-7.6223707,-5.542371,-5.312371,-5.5323706,-5.7823706,-4.9023705,-4.7223706,-3.0723705,-2.2223706,-1.2523706,-0.1623706
-3.1223707,-5.042371,-4.6823707,-4.5323706,-4.8923707,-4.1823707,-3.4523706,-2.6023705,-1.8723706,-1.9623706,-1.9623706,-1.2123706,-0.9123706,-1.7023706,-0.012370605,2.5276294,1.2676294,0.9476294,1.0376294,1.3376294,2.1176293,-0.29237062,-1.4223706,2.0976293,1.1276294,2.9476295,1.4676294,1.1076294,-0.6023706,0.39762938,-1.3823706,-3.0823705,-2.4923706,-0.3623706,-1.6023706,0.3376294,1.3476294,-2.1023705,-7.3523707,-6.2423706,-6.3523707,-8.052371,-8.3623705,-7.3723707,-6.4923706,-6.9623704,-7.522371,-5.812371,-5.5123706,-5.6923704,-5.7623706,-5.0923705,-5.0523705,-3.7623706,-2.2523706,-1.8423706,-0.32237062,-0.3423706
